[0.9992601987870773,0.0007398012129227062]
[0.6923305299991187,0.30766947000088135]
[0.9991154111422895,0.0008845888577103508]
[0.6923305299991187,0.30766947000088135]
[0.9991154111422895,0.0008845888577103508]
[0.9991154111422895,0.0008845888577103508]
[0.9259902692761816,0.07400973072381846]
[0.9259902692761816,0.07400973072381846]
[0.9593180487225652,0.04068195127743481]
[0.9992601987870773,0.0007398012129227062]
[0.9098156493899631,0.0901843506100369]
[0.9992601987870773,0.0007398012129227062]
[0.6074946234414323,0.39250537655856765]
[0.9600190933558992,0.039980906644100776]
[0.9600190933558992,0.039980906644100776]
[0.9700358143451437,0.029964185654856257]
[0.9700358143451437,0.029964185654856257]
[0.999305570837894,0.0006944291621060093]
[0.24255865779378177,0.7574413422062183]
[0.9945667681801403,0.005433231819859727]
[0.9945667681801403,0.005433231819859727]
[0.9945667681801403,0.005433231819859727]
[0.9945667681801403,0.005433231819859727]
[0.24255865779378177,0.7574413422062183]
[0.9945667681801403,0.005433231819859727]
[0.24255865779378177,0.7574413422062183]
[0.9721639991197206,0.02783600088027933]
[0.9945667681801403,0.005433231819859727]
[0.9945667681801403,0.005433231819859727]
[0.9530182884009764,0.04698171159902376]
[0.9530182884009764,0.04698171159902376]
[0.9323905476426919,0.06760945235730811]
[0.9945667681801403,0.005433231819859727]
[0.9579461031982474,0.04205389680175254]
[0.9945667681801403,0.005433231819859727]
[0.9794679081002284,0.020532091899771576]
[0.9945667681801403,0.005433231819859727]
[0.9730182884009763,0.02698171159902376]
[0.9721639991197206,0.02783600088027933]
[0.9579461031982474,0.04205389680175254]
[0.9579461031982474,0.04205389680175254]
[0.9579461031982474,0.04205389680175254]
[0.9721639991197206,0.02783600088027933]
[0.9721639991197206,0.02783600088027933]
[0.9721639991197206,0.02783600088027933]
[0.9721639991197206,0.02783600088027933]
[0.9721639991197206,0.02783600088027933]
[0.9721639991197206,0.02783600088027933]
[0.9721639991197206,0.02783600088027933]
[0.9721639991197206,0.02783600088027933]
[0.9721639991197206,0.02783600088027933]
[0.9721639991197206,0.02783600088027933]
[0.9721639991197206,0.02783600088027933]
[0.9730182884009763,0.02698171159902376]
[0.9583337000974723,0.041666299902527744]
[0.9579461031982474,0.04205389680175254]
[0.9530182884009764,0.04698171159902376]
[0.9730182884009763,0.02698171159902376]
[0.9730182884009763,0.02698171159902376]
[0.9730182884009763,0.02698171159902376]
[0.9880581801236128,0.011941819876387323]
[0.9722142153071187,0.027785784692881267]
[0.9880581801236128,0.011941819876387323]
[0.9592595119958076,0.04074048800419232]
[0.9683504210867169,0.031649578913283224]
[0.9722142153071187,0.027785784692881267]
[0.9720171264071009,0.027982873592899037]
[0.9720171264071009,0.027982873592899037]
[0.9862199215132492,0.013780078486750886]
[0.8966586597515631,0.1033413402484368]
[0.9722142153071187,0.027785784692881267]
[0.9722142153071187,0.027785784692881267]
[0.970331733148674,0.029668266851326]
[0.9661863562952672,0.03381364370473289]
[0.9429048480971494,0.05709515190285058]
[0.9429048480971494,0.05709515190285058]
[0.32549031320886346,0.6745096867911365]
[0.9991154111422895,0.0008845888577103508]
[0.9700358143451437,0.029964185654856257]
[0.9700358143451437,0.029964185654856257]
[0.9233786936036984,0.07662130639630167]
[0.9954407630204157,0.004559236979584243]
[0.9992601987870773,0.0007398012129227062]
[0.9661863562952672,0.03381364370473289]
[0.9992601987870773,0.0007398012129227062]
[0.9661863562952672,0.03381364370473289]
[0.9245622527431142,0.0754377472568858]
[0.970331733148674,0.029668266851326]
[0.970331733148674,0.029668266851326]
[0.9954407630204157,0.004559236979584243]
[0.9098156493899631,0.0901843506100369]
[0.9954407630204157,0.004559236979584243]
[0.9098156493899631,0.0901843506100369]
[0.9720171264071009,0.027982873592899037]
[0.24255865779378177,0.7574413422062183]
[0.9720171264071009,0.027982873592899037]
[0.9954407630204157,0.004559236979584243]
[0.24255865779378177,0.7574413422062183]
[0.9098156493899631,0.0901843506100369]
[0.24255865779378177,0.7574413422062183]
[0.9991154111422895,0.0008845888577103508]
[0.6923305299991187,0.30766947000088135]
[0.9259902692761816,0.07400973072381846]
[0.9661863562952672,0.03381364370473289]
[0.970331733148674,0.029668266851326]
[0.9429048480971494,0.05709515190285058]
[0.9429048480971494,0.05709515190285058]
[0.9098156493899631,0.0901843506100369]
[0.9700358143451437,0.029964185654856257]
[0.9700358143451437,0.029964185654856257]
[0.32549031320886346,0.6745096867911365]
[0.9992601987870773,0.0007398012129227062]
[0.9721639991197206,0.02783600088027933]
[0.9721639991197206,0.02783600088027933]
[0.9530182884009764,0.04698171159902376]
[0.9530182884009764,0.04698171159902376]
[0.9721639991197206,0.02783600088027933]
[0.9530182884009764,0.04698171159902376]
[0.9530182884009764,0.04698171159902376]
[0.9730182884009763,0.02698171159902376]
[0.9730182884009763,0.02698171159902376]
[0.9730182884009763,0.02698171159902376]
[0.9721639991197206,0.02783600088027933]
[0.9721639991197206,0.02783600088027933]
[0.9721639991197206,0.02783600088027933]
[0.9259902692761816,0.07400973072381846]
[0.6164395576047307,0.38356044239526943]
[0.4675338369057752,0.5324661630942249]
[0.970331733148674,0.029668266851326]
[0.970331733148674,0.029668266851326]
[0.4675338369057752,0.5324661630942249]
[0.970331733148674,0.029668266851326]
[0.9880581801236128,0.011941819876387323]
[0.9730182884009763,0.02698171159902376]
[0.9730182884009763,0.02698171159902376]
[0.9530182884009764,0.04698171159902376]
[0.9721639991197206,0.02783600088027933]
[0.9730182884009763,0.02698171159902376]
[0.9721639991197206,0.02783600088027933]
[0.4675338369057752,0.5324661630942249]
[0.9730182884009763,0.02698171159902376]
[0.9730182884009763,0.02698171159902376]
[0.9730182884009763,0.02698171159902376]
[0.9730182884009763,0.02698171159902376]
[0.9730182884009763,0.02698171159902376]
[0.9730182884009763,0.02698171159902376]
[0.999305570837894,0.0006944291621060093]
[0.9609449052542347,0.03905509474576535]
[0.9700358143451437,0.029964185654856257]
[0.4675338369057752,0.5324661630942249]
[0.9406308007397115,0.05936919926028844]
[0.9406308007397115,0.05936919926028844]
[0.9662199215132491,0.03378007848675088]
[0.9956403693462542,0.004359630653745698]
[0.32549031320886346,0.6745096867911365]
[0.4675338369057752,0.5324661630942249]
[0.9445902413555765,0.05540975864442362]
[0.9445902413555765,0.05540975864442362]
[0.9722142153071187,0.027785784692881267]
[0.970331733148674,0.029668266851326]
[0.9880581801236128,0.011941819876387323]
[0.9991154111422895,0.0008845888577103508]
[0.999305570837894,0.0006944291621060093]
[0.9991154111422895,0.0008845888577103508]
[0.24255865779378177,0.7574413422062183]
[0.970331733148674,0.029668266851326]
[0.3338236465421968,0.6661763534578032]
[0.970331733148674,0.029668266851326]
[0.9259902692761816,0.07400973072381846]
[0.970331733148674,0.029668266851326]
[0.970331733148674,0.029668266851326]
[0.7258140719215663,0.2741859280784338]
[0.579219810459348,0.42078018954065205]
[0.9722142153071187,0.027785784692881267]
[0.9609449052542347,0.03905509474576535]
[0.9705288220486917,0.02947117795130823]
[0.4675338369057752,0.5324661630942249]
[0.9992601987870773,0.0007398012129227062]
[0.4675338369057752,0.5324661630942249]
[0.9862199215132492,0.013780078486750886]
[0.9721639991197206,0.02783600088027933]
[0.9579461031982474,0.04205389680175254]
[0.9579461031982474,0.04205389680175254]
[0.9579461031982474,0.04205389680175254]
[0.9721639991197206,0.02783600088027933]
[0.4675338369057752,0.5324661630942249]
[0.9579461031982474,0.04205389680175254]
[0.9707910695129263,0.02920893048707373]
[0.9730182884009763,0.02698171159902376]
[0.9730182884009763,0.02698171159902376]
[0.9579461031982474,0.04205389680175254]
[0.9579461031982474,0.04205389680175254]
[0.9721639991197206,0.02783600088027933]
[0.9721639991197206,0.02783600088027933]
[0.970331733148674,0.029668266851326]
[0.970331733148674,0.029668266851326]
[0.9810211419768635,0.01897885802313648]
[0.9810211419768635,0.01897885802313648]
[0.9996055196549449,0.0003944803450551812]
[0.9979201263965178,0.002079873603482147]
[0.9579461031982474,0.04205389680175254]
[0.9579461031982474,0.04205389680175254]
[0.9730182884009763,0.02698171159902376]
[0.9721639991197206,0.02783600088027933]
[0.9721639991197206,0.02783600088027933]
[0.9721639991197206,0.02783600088027933]
[0.9730182884009763,0.02698171159902376]
[0.9530182884009764,0.04698171159902376]
[0.9730182884009763,0.02698171159902376]
[0.9730182884009763,0.02698171159902376]
[0.9730182884009763,0.02698171159902376]
[0.9730182884009763,0.02698171159902376]
[0.9721639991197206,0.02783600088027933]
[0.4675338369057752,0.5324661630942249]
[0.9721639991197206,0.02783600088027933]
[0.9721639991197206,0.02783600088027933]
[0.9707910695129263,0.02920893048707373]
[0.9707910695129263,0.02920893048707373]
[0.32549031320886346,0.6745096867911365]
[0.9992601987870773,0.0007398012129227062]
[0.9707910695129263,0.02920893048707373]
[0.9707910695129263,0.02920893048707373]
[0.9862199215132492,0.013780078486750886]
[0.9794679081002284,0.020532091899771576]
[0.9794679081002284,0.020532091899771576]
[0.9794679081002284,0.020532091899771576]
[0.9945667681801403,0.005433231819859727]
[0.9945667681801403,0.005433231819859727]
[0.9945667681801403,0.005433231819859727]
[0.9991154111422895,0.0008845888577103508]
[0.9707910695129263,0.02920893048707373]
[0.9707910695129263,0.02920893048707373]
[0.970331733148674,0.029668266851326]
[0.970331733148674,0.029668266851326]
[0.9661863562952672,0.03381364370473289]
[0.8966586597515631,0.1033413402484368]
[0.9661863562952672,0.03381364370473289]
[0.9945667681801403,0.005433231819859727]
[0.9945667681801403,0.005433231819859727]
[0.9945667681801403,0.005433231819859727]
[0.9945667681801403,0.005433231819859727]
[0.9769572243395446,0.023042775660455327]
[0.9945667681801403,0.005433231819859727]
[0.32549031320886346,0.6745096867911365]
[0.9991154111422895,0.0008845888577103508]
[0.32549031320886346,0.6745096867911365]
[0.999305570837894,0.0006944291621060093]
[0.9862199215132492,0.013780078486750886]
[0.9862199215132492,0.013780078486750886]
[0.9862199215132492,0.013780078486750886]
[0.970331733148674,0.029668266851326]
[0.9810211419768635,0.01897885802313648]
[0.970331733148674,0.029668266851326]
[0.970331733148674,0.029668266851326]
[0.9661863562952672,0.03381364370473289]
[0.9661863562952672,0.03381364370473289]
[0.9705288220486917,0.02947117795130823]
[0.8949732664931362,0.1050267335068638]
[0.9881077204242568,0.011892279575743335]
[0.3338236465421968,0.6661763534578032]
[0.999305570837894,0.0006944291621060093]
[0.5721526168876074,0.42784738311239245]
[0.9991154111422895,0.0008845888577103508]
[0.19893648489716886,0.8010635151028312]
[0.9721639991197206,0.02783600088027933]
[0.9721639991197206,0.02783600088027933]
[0.5670842612186947,0.4329157387813053]
[0.9721639991197206,0.02783600088027933]
[0.9730182884009763,0.02698171159902376]
[0.9730182884009763,0.02698171159902376]
[0.9429048480971494,0.05709515190285058]
[0.9429048480971494,0.05709515190285058]
[0.24255865779378177,0.7574413422062183]
[0.9730182884009763,0.02698171159902376]
[0.9530182884009764,0.04698171159902376]
[0.9530182884009764,0.04698171159902376]
[0.9721639991197206,0.02783600088027933]
[0.9721639991197206,0.02783600088027933]
[0.9661863562952672,0.03381364370473289]
[0.970331733148674,0.029668266851326]
[0.9721639991197206,0.02783600088027933]
[0.9721639991197206,0.02783600088027933]
[0.9721639991197206,0.02783600088027933]
[0.9721639991197206,0.02783600088027933]
[0.24255865779378177,0.7574413422062183]
[0.9721639991197206,0.02783600088027933]
[0.9406308007397115,0.05936919926028844]
[0.24255865779378177,0.7574413422062183]
[0.9406308007397115,0.05936919926028844]
[0.8966586597515631,0.1033413402484368]
[0.9992601987870773,0.0007398012129227062]
[0.24255865779378177,0.7574413422062183]
[0.9530182884009764,0.04698171159902376]
[0.9721639991197206,0.02783600088027933]
[0.9721639991197206,0.02783600088027933]
[0.9721639991197206,0.02783600088027933]
[0.9721639991197206,0.02783600088027933]
[0.9721639991197206,0.02783600088027933]
[0.9721639991197206,0.02783600088027933]
[0.9530182884009764,0.04698171159902376]
[0.9721639991197206,0.02783600088027933]
[0.9530182884009764,0.04698171159902376]
[0.9721639991197206,0.02783600088027933]
[0.9721639991197206,0.02783600088027933]
[0.9721639991197206,0.02783600088027933]
[0.9721639991197206,0.02783600088027933]
[0.9721639991197206,0.02783600088027933]
[0.9721639991197206,0.02783600088027933]
[0.9530182884009764,0.04698171159902376]
[0.9530182884009764,0.04698171159902376]
[0.970331733148674,0.029668266851326]
[0.970331733148674,0.029668266851326]
[0.9337039564402522,0.06629604355974789]
[0.9337039564402522,0.06629604355974789]
[0.970331733148674,0.029668266851326]
[0.24255865779378177,0.7574413422062183]
[0.970331733148674,0.029668266851326]
[0.9661863562952672,0.03381364370473289]
[0.9661863562952672,0.03381364370473289]
[0.9991154111422895,0.0008845888577103508]
[0.9427948655311612,0.05720513446883878]
[0.9991154111422895,0.0008845888577103508]
[0.9447761775931184,0.05522382240688156]
[0.9447761775931184,0.05522382240688156]
[0.9862199215132492,0.013780078486750886]
[0.9862199215132492,0.013780078486750886]
[0.24255865779378177,0.7574413422062183]
[0.9600190933558992,0.039980906644100776]
[0.9600190933558992,0.039980906644100776]
[0.9600190933558992,0.039980906644100776]
[0.9400190933558992,0.05998090664410079]
[0.9662199215132491,0.03378007848675088]
[0.9400190933558992,0.05998090664410079]
[0.9707910695129263,0.02920893048707373]
[0.9662199215132491,0.03378007848675088]
[0.9707910695129263,0.02920893048707373]
[0.9662199215132491,0.03378007848675088]
[0.9600190933558992,0.039980906644100776]
[0.9923645708409623,0.007635429159037703]
[0.9600190933558992,0.039980906644100776]
[0.970331733148674,0.029668266851326]
[0.9923645708409623,0.007635429159037703]
[0.970331733148674,0.029668266851326]
[0.9600190933558992,0.039980906644100776]
[0.9923645708409623,0.007635429159037703]
[0.9923645708409623,0.007635429159037703]
[0.9923645708409623,0.007635429159037703]
[0.9923645708409623,0.007635429159037703]
[0.9923645708409623,0.007635429159037703]
[0.9979201263965178,0.002079873603482147]
[0.9923645708409623,0.007635429159037703]
[0.9979201263965178,0.002079873603482147]
[0.985579865127745,0.014420134872255099]
[0.9923645708409623,0.007635429159037703]
[0.9979201263965178,0.002079873603482147]
[0.6074946234414323,0.39250537655856765]
[0.9721639991197206,0.02783600088027933]
[0.9721639991197206,0.02783600088027933]
[0.9721639991197206,0.02783600088027933]
[0.9730182884009763,0.02698171159902376]
[0.9730182884009763,0.02698171159902376]
[0.9721639991197206,0.02783600088027933]
[0.9721639991197206,0.02783600088027933]
[0.9730182884009763,0.02698171159902376]
[0.9721639991197206,0.02783600088027933]
[0.9721639991197206,0.02783600088027933]
[0.9530182884009764,0.04698171159902376]
[0.9530182884009764,0.04698171159902376]
[0.9721639991197206,0.02783600088027933]
[0.9721639991197206,0.02783600088027933]
[0.9721639991197206,0.02783600088027933]
[0.9259902692761816,0.07400973072381846]
[0.9662199215132491,0.03378007848675088]
[0.9429048480971494,0.05709515190285058]
[0.9662199215132491,0.03378007848675088]
[0.9662199215132491,0.03378007848675088]
[0.970331733148674,0.029668266851326]
[0.3338236465421968,0.6661763534578032]
[0.9600190933558992,0.039980906644100776]
[0.9600190933558992,0.039980906644100776]
[0.9600190933558992,0.039980906644100776]
[0.9600190933558992,0.039980906644100776]
[0.9612408240577649,0.038759175942235095]
[0.9992601987870773,0.0007398012129227062]
[0.9612408240577649,0.038759175942235095]
[0.9600190933558992,0.039980906644100776]
[0.9600190933558992,0.039980906644100776]
[0.999305570837894,0.0006944291621060093]
[0.9923645708409623,0.007635429159037703]
[0.9400190933558992,0.05998090664410079]
[0.9923645708409623,0.007635429159037703]
[0.9923645708409623,0.007635429159037703]
[0.970331733148674,0.029668266851326]
[0.970331733148674,0.029668266851326]
[0.9400190933558992,0.05998090664410079]
[0.9400190933558992,0.05998090664410079]
[0.9923645708409623,0.007635429159037703]
[0.9923645708409623,0.007635429159037703]
[0.9923645708409623,0.007635429159037703]
[0.9600190933558992,0.039980906644100776]
[0.9923645708409623,0.007635429159037703]
[0.970331733148674,0.029668266851326]
[0.9923645708409623,0.007635429159037703]
[0.9979201263965178,0.002079873603482147]
[0.9923645708409623,0.007635429159037703]
[0.9979201263965178,0.002079873603482147]
[0.9979201263965178,0.002079873603482147]
[0.9923645708409623,0.007635429159037703]
[0.970331733148674,0.029668266851326]
[0.9923645708409623,0.007635429159037703]
[0.9979201263965178,0.002079873603482147]
[0.9979201263965178,0.002079873603482147]
[0.9979201263965178,0.002079873603482147]
[0.9721639991197206,0.02783600088027933]
[0.9579461031982474,0.04205389680175254]
[0.9721639991197206,0.02783600088027933]
[0.9721639991197206,0.02783600088027933]
[0.9721639991197206,0.02783600088027933]
[0.9730182884009763,0.02698171159902376]
[0.9721639991197206,0.02783600088027933]
[0.9730182884009763,0.02698171159902376]
[0.9721639991197206,0.02783600088027933]
[0.9991154111422895,0.0008845888577103508]
[0.9530182884009764,0.04698171159902376]
[0.9530182884009764,0.04698171159902376]
[0.9721639991197206,0.02783600088027933]
[0.9721639991197206,0.02783600088027933]
[0.9721639991197206,0.02783600088027933]
[0.9530182884009764,0.04698171159902376]
[0.9721639991197206,0.02783600088027933]
[0.9721639991197206,0.02783600088027933]
[0.9721639991197206,0.02783600088027933]
[0.9631233062162096,0.03687669378379036]
[0.24255865779378177,0.7574413422062183]
[0.9705288220486917,0.02947117795130823]
[0.970331733148674,0.029668266851326]
[0.970331733148674,0.029668266851326]
[0.9700358143451437,0.029964185654856257]
[0.9700358143451437,0.029964185654856257]
[0.9429048480971494,0.05709515190285058]
[0.9429048480971494,0.05709515190285058]
[0.9429048480971494,0.05709515190285058]
[0.9429048480971494,0.05709515190285058]
[0.9956403693462542,0.004359630653745698]
[0.9991154111422895,0.0008845888577103508]
[0.9429048480971494,0.05709515190285058]
[0.9429048480971494,0.05709515190285058]
[0.9448861601591065,0.05511383984089337]
[0.9880581801236128,0.011941819876387323]
[0.970331733148674,0.029668266851326]
[0.9722142153071187,0.027785784692881267]
[0.9612408240577649,0.038759175942235095]
[0.9429048480971494,0.05709515190285058]
[0.9722142153071187,0.027785784692881267]
[0.9661863562952672,0.03381364370473289]
[0.9661863562952672,0.03381364370473289]
[0.7258140719215663,0.2741859280784338]
[0.4675338369057752,0.5324661630942249]
[0.4675338369057752,0.5324661630942249]
[0.4675338369057752,0.5324661630942249]
[0.4675338369057752,0.5324661630942249]
[0.9429048480971494,0.05709515190285058]
[0.9429048480971494,0.05709515190285058]
[0.9880581801236128,0.011941819876387323]
[0.9880581801236128,0.011941819876387323]
[0.9429048480971494,0.05709515190285058]
[0.9429048480971494,0.05709515190285058]
[0.9810211419768635,0.01897885802313648]
[0.9810211419768635,0.01897885802313648]
[0.9661863562952672,0.03381364370473289]
[0.970331733148674,0.029668266851326]
[0.970331733148674,0.029668266851326]
[0.9661863562952672,0.03381364370473289]
[0.9945667681801403,0.005433231819859727]
[0.9945667681801403,0.005433231819859727]
[0.9945667681801403,0.005433231819859727]
[0.9945667681801403,0.005433231819859727]
[0.9945667681801403,0.005433231819859727]
[0.9579461031982474,0.04205389680175254]
[0.9579461031982474,0.04205389680175254]
[0.9579461031982474,0.04205389680175254]
[0.9730182884009763,0.02698171159902376]
[0.9730182884009763,0.02698171159902376]
[0.4675338369057752,0.5324661630942249]
[0.9730182884009763,0.02698171159902376]
[0.9579461031982474,0.04205389680175254]
[0.9579461031982474,0.04205389680175254]
[0.9721639991197206,0.02783600088027933]
[0.9721639991197206,0.02783600088027933]
[0.9721639991197206,0.02783600088027933]
[0.8595693070451904,0.14043069295480964]
[0.970331733148674,0.029668266851326]
[0.970331733148674,0.029668266851326]
[0.8513263144478366,0.1486736855521635]
[0.9992601987870773,0.0007398012129227062]
[0.970331733148674,0.029668266851326]
[0.970331733148674,0.029668266851326]
[0.4675338369057752,0.5324661630942249]
[0.4675338369057752,0.5324661630942249]
[0.9429048480971494,0.05709515190285058]
[0.9429048480971494,0.05709515190285058]
[0.970331733148674,0.029668266851326]
[0.970331733148674,0.029668266851326]
[0.4675338369057752,0.5324661630942249]
[0.24255865779378177,0.7574413422062183]
[0.4675338369057752,0.5324661630942249]
[0.7258140719215663,0.2741859280784338]
[0.9794679081002284,0.020532091899771576]
[0.579219810459348,0.42078018954065205]
[0.9945667681801403,0.005433231819859727]
[0.9794679081002284,0.020532091899771576]
[0.9945667681801403,0.005433231819859727]
[0.9881077204242568,0.011892279575743335]
[0.9945667681801403,0.005433231819859727]
[0.9945667681801403,0.005433231819859727]
[0.9945667681801403,0.005433231819859727]
[0.970331733148674,0.029668266851326]
[0.4675338369057752,0.5324661630942249]
[0.970331733148674,0.029668266851326]
[0.9579461031982474,0.04205389680175254]
[0.9579461031982474,0.04205389680175254]
[0.9579461031982474,0.04205389680175254]
[0.9721639991197206,0.02783600088027933]
[0.9721639991197206,0.02783600088027933]
[0.9721639991197206,0.02783600088027933]
[0.970331733148674,0.029668266851326]
[0.970331733148674,0.029668266851326]
[0.9721639991197206,0.02783600088027933]
[0.9721639991197206,0.02783600088027933]
[0.9721639991197206,0.02783600088027933]
[0.9730182884009763,0.02698171159902376]
[0.9730182884009763,0.02698171159902376]
[0.9730182884009763,0.02698171159902376]
[0.9721639991197206,0.02783600088027933]
[0.9721639991197206,0.02783600088027933]
[0.4675338369057752,0.5324661630942249]
[0.9721639991197206,0.02783600088027933]
[0.9721639991197206,0.02783600088027933]
[0.9721639991197206,0.02783600088027933]
[0.970331733148674,0.029668266851326]
[0.970331733148674,0.029668266851326]
[0.9429048480971494,0.05709515190285058]
[0.9429048480971494,0.05709515190285058]
[0.4675338369057752,0.5324661630942249]
[0.4675338369057752,0.5324661630942249]
[0.9992601987870773,0.0007398012129227062]
[0.3787870165055668,0.6212129834944332]
[0.999305570837894,0.0006944291621060093]
[0.9683504210867169,0.031649578913283224]
[0.970331733148674,0.029668266851326]
[0.970331733148674,0.029668266851326]
[0.9448861601591065,0.05511383984089337]
[0.9880581801236128,0.011941819876387323]
[0.9661863562952672,0.03381364370473289]
[0.9722142153071187,0.027785784692881267]
[0.9915102815597067,0.008489718440293278]
[0.970331733148674,0.029668266851326]
[0.9880581801236128,0.011941819876387323]
[0.4675338369057752,0.5324661630942249]
[0.9429048480971494,0.05709515190285058]
[0.9429048480971494,0.05709515190285058]
[0.9992601987870773,0.0007398012129227062]
[0.970331733148674,0.029668266851326]
[0.970331733148674,0.029668266851326]
[0.9880581801236128,0.011941819876387323]
[0.9661863562952672,0.03381364370473289]
[0.970331733148674,0.029668266851326]
[0.970331733148674,0.029668266851326]
[0.970331733148674,0.029668266851326]
[0.970331733148674,0.029668266851326]
[0.970331733148674,0.029668266851326]
[0.7258140719215663,0.2741859280784338]
[0.9579461031982474,0.04205389680175254]
[0.970331733148674,0.029668266851326]
[0.9579461031982474,0.04205389680175254]
[0.9579461031982474,0.04205389680175254]
[0.4675338369057752,0.5324661630942249]
[0.9721639991197206,0.02783600088027933]
[0.9721639991197206,0.02783600088027933]
[0.9721639991197206,0.02783600088027933]
[0.9722142153071187,0.027785784692881267]
[0.9579461031982474,0.04205389680175254]
[0.9721639991197206,0.02783600088027933]
[0.9721639991197206,0.02783600088027933]
[0.9721639991197206,0.02783600088027933]
[0.4675338369057752,0.5324661630942249]
[0.9579461031982474,0.04205389680175254]
[0.9730182884009763,0.02698171159902376]
[0.9722142153071187,0.027785784692881267]
[0.9530182884009764,0.04698171159902376]
[0.9592595119958076,0.04074048800419232]
[0.4675338369057752,0.5324661630942249]
[0.9691056762544994,0.030894323745500697]
[0.970331733148674,0.029668266851326]
[0.9661863562952672,0.03381364370473289]
[0.9661863562952672,0.03381364370473289]
[0.4675338369057752,0.5324661630942249]
[0.9661863562952672,0.03381364370473289]
[0.9429048480971494,0.05709515190285058]
[0.9429048480971494,0.05709515190285058]
[0.9881077204242568,0.011892279575743335]
[0.32549031320886346,0.6745096867911365]
[0.24255865779378177,0.7574413422062183]
[0.9721639991197206,0.02783600088027933]
[0.9721639991197206,0.02783600088027933]
[0.9429048480971494,0.05709515190285058]
[0.9721639991197206,0.02783600088027933]
[0.9429048480971494,0.05709515190285058]
[0.9730182884009763,0.02698171159902376]
[0.9721639991197206,0.02783600088027933]
[0.9730182884009763,0.02698171159902376]
[0.9880581801236128,0.011941819876387323]
[0.9721639991197206,0.02783600088027933]
[0.9880581801236128,0.011941819876387323]
[0.9730182884009763,0.02698171159902376]
[0.9721639991197206,0.02783600088027933]
[0.9530182884009764,0.04698171159902376]
[0.9530182884009764,0.04698171159902376]
[0.9722142153071187,0.027785784692881267]
[0.4675338369057752,0.5324661630942249]
[0.9730182884009763,0.02698171159902376]
[0.9721639991197206,0.02783600088027933]
[0.9721639991197206,0.02783600088027933]
[0.9721639991197206,0.02783600088027933]
[0.8595693070451904,0.14043069295480964]
[0.9705288220486917,0.02947117795130823]
[0.8513263144478366,0.1486736855521635]
[0.970331733148674,0.029668266851326]
[0.970331733148674,0.029668266851326]
[0.4675338369057752,0.5324661630942249]
[0.970331733148674,0.029668266851326]
[0.970331733148674,0.029668266851326]
[0.9259902692761816,0.07400973072381846]
[0.4675338369057752,0.5324661630942249]
[0.9991154111422895,0.0008845888577103508]
[0.9992601987870773,0.0007398012129227062]
[0.4675338369057752,0.5324661630942249]
[0.4675338369057752,0.5324661630942249]
[0.9429048480971494,0.05709515190285058]
[0.9429048480971494,0.05709515190285058]
[0.9991154111422895,0.0008845888577103508]
[0.9429048480971494,0.05709515190285058]
[0.6164395576047307,0.38356044239526943]
[0.9429048480971494,0.05709515190285058]
[0.4675338369057752,0.5324661630942249]
[0.9429048480971494,0.05709515190285058]
[0.9448861601591065,0.05511383984089337]
[0.970331733148674,0.029668266851326]
[0.4675338369057752,0.5324661630942249]
[0.9429048480971494,0.05709515190285058]
[0.9429048480971494,0.05709515190285058]
[0.9429048480971494,0.05709515190285058]
[0.9631233062162096,0.03687669378379036]
[0.4675338369057752,0.5324661630942249]
[0.9979201263965178,0.002079873603482147]
[0.4675338369057752,0.5324661630942249]
[0.4675338369057752,0.5324661630942249]
[0.9881077204242568,0.011892279575743335]
[0.3338236465421968,0.6661763534578032]
[0.970331733148674,0.029668266851326]
[0.9722142153071187,0.027785784692881267]
[0.970331733148674,0.029668266851326]
[0.9979201263965178,0.002079873603482147]
[0.9880581801236128,0.011941819876387323]
[0.9880581801236128,0.011941819876387323]
[0.9683504210867169,0.031649578913283224]
[0.9429048480971494,0.05709515190285058]
[0.9683504210867169,0.031649578913283224]
[0.9683504210867169,0.031649578913283224]
[0.9429048480971494,0.05709515190285058]
[0.4675338369057752,0.5324661630942249]
[0.9612408240577649,0.038759175942235095]
[0.9721639991197206,0.02783600088027933]
[0.9721639991197206,0.02783600088027933]
[0.9992601987870773,0.0007398012129227062]
[0.9721639991197206,0.02783600088027933]
[0.9721639991197206,0.02783600088027933]
[0.9721639991197206,0.02783600088027933]
[0.9721639991197206,0.02783600088027933]
[0.9721639991197206,0.02783600088027933]
[0.9721639991197206,0.02783600088027933]
[0.9721639991197206,0.02783600088027933]
[0.9721639991197206,0.02783600088027933]
[0.9721639991197206,0.02783600088027933]
[0.9530182884009764,0.04698171159902376]
[0.9530182884009764,0.04698171159902376]
[0.9429048480971494,0.05709515190285058]
[0.970331733148674,0.029668266851326]
[0.9722142153071187,0.027785784692881267]
[0.9429048480971494,0.05709515190285058]
[0.9429048480971494,0.05709515190285058]
[0.9705288220486917,0.02947117795130823]
[0.9722142153071187,0.027785784692881267]
[0.9880581801236128,0.011941819876387323]
[0.9880581801236128,0.011941819876387323]
[0.9880581801236128,0.011941819876387323]
[0.9722142153071187,0.027785784692881267]
[0.9661863562952672,0.03381364370473289]
[0.970331733148674,0.029668266851326]
[0.970331733148674,0.029668266851326]
[0.9573292134381243,0.04267078656187574]
[0.9612408240577649,0.038759175942235095]
[0.9612408240577649,0.038759175942235095]
[0.9661863562952672,0.03381364370473289]
[0.9721639991197206,0.02783600088027933]
[0.9721639991197206,0.02783600088027933]
[0.970331733148674,0.029668266851326]
[0.9721639991197206,0.02783600088027933]
[0.9661863562952672,0.03381364370473289]
[0.9579461031982474,0.04205389680175254]
[0.9730182884009763,0.02698171159902376]
[0.9579461031982474,0.04205389680175254]
[0.9721639991197206,0.02783600088027933]
[0.9721639991197206,0.02783600088027933]
[0.9730182884009763,0.02698171159902376]
[0.9579461031982474,0.04205389680175254]
[0.9721639991197206,0.02783600088027933]
[0.9730182884009763,0.02698171159902376]
[0.9721639991197206,0.02783600088027933]
[0.9721639991197206,0.02783600088027933]
[0.9721639991197206,0.02783600088027933]
[0.9674930903670912,0.03250690963290885]
[0.9721639991197206,0.02783600088027933]
[0.9721639991197206,0.02783600088027933]
[0.9810211419768635,0.01897885802313648]
[0.32549031320886346,0.6745096867911365]
[0.9810211419768635,0.01897885802313648]
[0.9992601987870773,0.0007398012129227062]
[0.9661863562952672,0.03381364370473289]
[0.9880581801236128,0.011941819876387323]
[0.9722142153071187,0.027785784692881267]
[0.970331733148674,0.029668266851326]
[0.9794679081002284,0.020532091899771576]
[0.970331733148674,0.029668266851326]
[0.9794679081002284,0.020532091899771576]
[0.9794679081002284,0.020532091899771576]
[0.9794679081002284,0.020532091899771576]
[0.9794679081002284,0.020532091899771576]
[0.9794679081002284,0.020532091899771576]
[0.9794679081002284,0.020532091899771576]
[0.9794679081002284,0.020532091899771576]
[0.9794679081002284,0.020532091899771576]
[0.9722142153071187,0.027785784692881267]
[0.9794679081002284,0.020532091899771576]
[0.3338236465421968,0.6661763534578032]
[0.9992601987870773,0.0007398012129227062]
[0.9612408240577649,0.038759175942235095]
[0.9612408240577649,0.038759175942235095]
[0.9661863562952672,0.03381364370473289]
[0.970331733148674,0.029668266851326]
[0.9674930903670912,0.03250690963290885]
[0.5721526168876074,0.42784738311239245]
[0.9745266687839891,0.025473331216010885]
[0.19893648489716886,0.8010635151028312]
[0.970331733148674,0.029668266851326]
[0.9745266687839891,0.025473331216010885]
[0.9745266687839891,0.025473331216010885]
[0.971054446561767,0.02894555343823311]
[0.970331733148674,0.029668266851326]
[0.970331733148674,0.029668266851326]
[0.9807426156377674,0.019257384362232607]
[0.9745266687839891,0.025473331216010885]
[0.9745266687839891,0.025473331216010885]
[0.9745266687839891,0.025473331216010885]
[0.9592595119958076,0.04074048800419232]
[0.9807426156377674,0.019257384362232607]
[0.9683504210867169,0.031649578913283224]
[0.970331733148674,0.029668266851326]
[0.9745266687839891,0.025473331216010885]
[0.9745266687839891,0.025473331216010885]
[0.9661863562952672,0.03381364370473289]
[0.9932385443109993,0.006761455689000643]
[0.32549031320886346,0.6745096867911365]
[0.9992601987870773,0.0007398012129227062]
[0.9738799859006917,0.026120014099308236]
[0.24255865779378177,0.7574413422062183]
[0.5670842612186947,0.4329157387813053]
[0.6164395576047307,0.38356044239526943]
[0.24255865779378177,0.7574413422062183]
[0.4675338369057752,0.5324661630942249]
[0.24255865779378177,0.7574413422062183]
[0.9932385443109993,0.006761455689000643]
[0.9934588086281799,0.006541191371820026]
[0.4675338369057752,0.5324661630942249]
[0.24255865779378177,0.7574413422062183]
[0.9945667681801403,0.005433231819859727]
[0.9945667681801403,0.005433231819859727]
[0.9945667681801403,0.005433231819859727]
[0.4675338369057752,0.5324661630942249]
[0.9945667681801403,0.005433231819859727]
[0.9945667681801403,0.005433231819859727]
[0.9945667681801403,0.005433231819859727]
[0.9612408240577649,0.038759175942235095]
[0.970331733148674,0.029668266851326]
[0.9661863562952672,0.03381364370473289]
[0.24255865779378177,0.7574413422062183]
[0.9661863562952672,0.03381364370473289]
[0.4675338369057752,0.5324661630942249]
[0.999305570837894,0.0006944291621060093]
[0.970331733148674,0.029668266851326]
[0.9991154111422895,0.0008845888577103508]
[0.970331733148674,0.029668266851326]
[0.9880581801236128,0.011941819876387323]
[0.970331733148674,0.029668266851326]
[0.9991154111422895,0.0008845888577103508]
[0.9745266687839891,0.025473331216010885]
[0.9745266687839891,0.025473331216010885]
[0.9745266687839891,0.025473331216010885]
[0.971054446561767,0.02894555343823311]
[0.971054446561767,0.02894555343823311]
[0.24255865779378177,0.7574413422062183]
[0.971054446561767,0.02894555343823311]
[0.9745266687839891,0.025473331216010885]
[0.9745266687839891,0.025473331216010885]
[0.9745266687839891,0.025473331216010885]
[0.971054446561767,0.02894555343823311]
[0.971054446561767,0.02894555343823311]
[0.971054446561767,0.02894555343823311]
[0.9530182884009764,0.04698171159902376]
[0.9530182884009764,0.04698171159902376]
[0.4675338369057752,0.5324661630942249]
[0.9530182884009764,0.04698171159902376]
[0.9530182884009764,0.04698171159902376]
[0.9530182884009764,0.04698171159902376]
[0.9932385443109993,0.006761455689000643]
[0.9721639991197206,0.02783600088027933]
[0.9721639991197206,0.02783600088027933]
[0.9721639991197206,0.02783600088027933]
[0.9721639991197206,0.02783600088027933]
[0.9721639991197206,0.02783600088027933]
[0.9721639991197206,0.02783600088027933]
[0.9721639991197206,0.02783600088027933]
[0.9721639991197206,0.02783600088027933]
[0.9721639991197206,0.02783600088027933]
[0.9533079887554438,0.0466920112445562]
[0.9932385443109993,0.006761455689000643]
[0.9445902413555765,0.05540975864442362]
[0.9445902413555765,0.05540975864442362]
[0.9745266687839891,0.025473331216010885]
[0.9683504210867169,0.031649578913283224]
[0.9592595119958076,0.04074048800419232]
[0.9862199215132492,0.013780078486750886]
[0.970331733148674,0.029668266851326]
[0.9661863562952672,0.03381364370473289]
[0.32549031320886346,0.6745096867911365]
[0.9992601987870773,0.0007398012129227062]
[0.24255865779378177,0.7574413422062183]
[0.970331733148674,0.029668266851326]
[0.9721639991197206,0.02783600088027933]
[0.9721639991197206,0.02783600088027933]
[0.970331733148674,0.029668266851326]
[0.9661863562952672,0.03381364370473289]
[0.9721639991197206,0.02783600088027933]
[0.970331733148674,0.029668266851326]
[0.9721639991197206,0.02783600088027933]
[0.9721639991197206,0.02783600088027933]
[0.9721639991197206,0.02783600088027933]
[0.970331733148674,0.029668266851326]
[0.9612408240577649,0.038759175942235095]
[0.9530182884009764,0.04698171159902376]
[0.9530182884009764,0.04698171159902376]
[0.9721639991197206,0.02783600088027933]
[0.9530182884009764,0.04698171159902376]
[0.9721639991197206,0.02783600088027933]
[0.9721639991197206,0.02783600088027933]
[0.9721639991197206,0.02783600088027933]
[0.9992601987870773,0.0007398012129227062]
[0.9721639991197206,0.02783600088027933]
[0.9721639991197206,0.02783600088027933]
[0.9530182884009764,0.04698171159902376]
[0.9530182884009764,0.04698171159902376]
[0.9530182884009764,0.04698171159902376]
[0.9612408240577649,0.038759175942235095]
[0.9683504210867169,0.031649578913283224]
[0.9429048480971494,0.05709515190285058]
[0.9429048480971494,0.05709515190285058]
[0.9722142153071187,0.027785784692881267]
[0.9991154111422895,0.0008845888577103508]
[0.9932126333645119,0.006787366635488129]
[0.9996055196549449,0.0003944803450551812]
[0.8909664651891976,0.10903353481080232]
[0.8909664651891976,0.10903353481080232]
[0.9705288220486917,0.02947117795130823]
[0.9429048480971494,0.05709515190285058]
[0.9429048480971494,0.05709515190285058]
[0.9722142153071187,0.027785784692881267]
[0.32549031320886346,0.6745096867911365]
[0.9992601987870773,0.0007398012129227062]
[0.9429048480971494,0.05709515190285058]
[0.9992601987870773,0.0007398012129227062]
[0.9691056762544994,0.030894323745500697]
[0.9429048480971494,0.05709515190285058]
[0.970331733148674,0.029668266851326]
[0.9810211419768635,0.01897885802313648]
[0.9810211419768635,0.01897885802313648]
[0.9991154111422895,0.0008845888577103508]
[0.24255865779378177,0.7574413422062183]
[0.9662199215132491,0.03378007848675088]
[0.9662199215132491,0.03378007848675088]
[0.9996055196549449,0.0003944803450551812]
[0.9923645708409623,0.007635429159037703]
[0.9722142153071187,0.027785784692881267]
[0.9880581801236128,0.011941819876387323]
[0.9923645708409623,0.007635429159037703]
[0.9880581801236128,0.011941819876387323]
[0.9722142153071187,0.027785784692881267]
[0.9662199215132491,0.03378007848675088]
[0.9979201263965178,0.002079873603482147]
[0.9662199215132491,0.03378007848675088]
[0.9992601987870773,0.0007398012129227062]
[0.9979201263965178,0.002079873603482147]
[0.9662199215132491,0.03378007848675088]
[0.9923645708409623,0.007635429159037703]
[0.9923645708409623,0.007635429159037703]
[0.9923645708409623,0.007635429159037703]
[0.7258140719215663,0.2741859280784338]
[0.9429048480971494,0.05709515190285058]
[0.9923645708409623,0.007635429159037703]
[0.970331733148674,0.029668266851326]
[0.9923645708409623,0.007635429159037703]
[0.9979201263965178,0.002079873603482147]
[0.9979201263965178,0.002079873603482147]
[0.9979201263965178,0.002079873603482147]
[0.579219810459348,0.42078018954065205]
[0.9979201263965178,0.002079873603482147]
[0.9979201263965178,0.002079873603482147]
[0.9723645708409624,0.027635429159037706]
[0.9979201263965178,0.002079873603482147]
[0.9723645708409624,0.027635429159037706]
[0.9979201263965178,0.002079873603482147]
[0.9979201263965178,0.002079873603482147]
[0.9979201263965178,0.002079873603482147]
[0.9979201263965178,0.002079873603482147]
[0.4675338369057752,0.5324661630942249]
[0.9979201263965178,0.002079873603482147]
[0.9979201263965178,0.002079873603482147]
[0.9979201263965178,0.002079873603482147]
[0.9979201263965178,0.002079873603482147]
[0.4675338369057752,0.5324661630942249]
[0.9612408240577649,0.038759175942235095]
[0.9612408240577649,0.038759175942235095]
[0.9721639991197206,0.02783600088027933]
[0.9722142153071187,0.027785784692881267]
[0.9721639991197206,0.02783600088027933]
[0.9530182884009764,0.04698171159902376]
[0.9730182884009763,0.02698171159902376]
[0.4675338369057752,0.5324661630942249]
[0.9721639991197206,0.02783600088027933]
[0.9721639991197206,0.02783600088027933]
[0.9612408240577649,0.038759175942235095]
[0.9429048480971494,0.05709515190285058]
[0.9722142153071187,0.027785784692881267]
[0.9721639991197206,0.02783600088027933]
[0.9721639991197206,0.02783600088027933]
[0.9721639991197206,0.02783600088027933]
[0.9721639991197206,0.02783600088027933]
[0.9721639991197206,0.02783600088027933]
[0.9530182884009764,0.04698171159902376]
[0.9530182884009764,0.04698171159902376]
[0.9721639991197206,0.02783600088027933]
[0.9721639991197206,0.02783600088027933]
[0.9880581801236128,0.011941819876387323]
[0.970331733148674,0.029668266851326]
[0.9592595119958076,0.04074048800419232]
[0.9592595119958076,0.04074048800419232]
[0.4675338369057752,0.5324661630942249]
[0.9991154111422895,0.0008845888577103508]
[0.9662199215132491,0.03378007848675088]
[0.32549031320886346,0.6745096867911365]
[0.9862199215132492,0.013780078486750886]
[0.9600190933558992,0.039980906644100776]
[0.9674930903670912,0.03250690963290885]
[0.9600190933558992,0.039980906644100776]
[0.970331733148674,0.029668266851326]
[0.9600190933558992,0.039980906644100776]
[0.9600190933558992,0.039980906644100776]
[0.9683504210867169,0.031649578913283224]
[0.9600190933558992,0.039980906644100776]
[0.9923645708409623,0.007635429159037703]
[0.9923645708409623,0.007635429159037703]
[0.9600190933558992,0.039980906644100776]
[0.9722142153071187,0.027785784692881267]
[0.9979201263965178,0.002079873603482147]
[0.9662199215132491,0.03378007848675088]
[0.9979201263965178,0.002079873603482147]
[0.9979201263965178,0.002079873603482147]
[0.9662199215132491,0.03378007848675088]
[0.9662199215132491,0.03378007848675088]
[0.9979201263965178,0.002079873603482147]
[0.9723645708409624,0.027635429159037706]
[0.9979201263965178,0.002079873603482147]
[0.9979201263965178,0.002079873603482147]
[0.9429048480971494,0.05709515190285058]
[0.9429048480971494,0.05709515190285058]
[0.9723645708409624,0.027635429159037706]
[0.9723645708409624,0.027635429159037706]
[0.9923645708409623,0.007635429159037703]
[0.9979201263965178,0.002079873603482147]
[0.9923645708409623,0.007635429159037703]
[0.9723645708409624,0.027635429159037706]
[0.9979201263965178,0.002079873603482147]
[0.9979201263965178,0.002079873603482147]
[0.9979201263965178,0.002079873603482147]
[0.9979201263965178,0.002079873603482147]
[0.9979201263965178,0.002079873603482147]
[0.9979201263965178,0.002079873603482147]
[0.9979201263965178,0.002079873603482147]
[0.9979201263965178,0.002079873603482147]
[0.9723645708409624,0.027635429159037706]
[0.9923645708409623,0.007635429159037703]
[0.9880581801236128,0.011941819876387323]
[0.9923645708409623,0.007635429159037703]
[0.9583337000974723,0.041666299902527744]
[0.970331733148674,0.029668266851326]
[0.9259902692761816,0.07400973072381846]
[0.970331733148674,0.029668266851326]
[0.9429048480971494,0.05709515190285058]
[0.9600190933558992,0.039980906644100776]
[0.9991154111422895,0.0008845888577103508]
[0.9592595119958076,0.04074048800419232]
[0.970331733148674,0.029668266851326]
[0.9871461819627182,0.0128538180372818]
[0.9721639991197206,0.02783600088027933]
[0.9721639991197206,0.02783600088027933]
[0.9721639991197206,0.02783600088027933]
[0.9530182884009764,0.04698171159902376]
[0.9530182884009764,0.04698171159902376]
[0.9530182884009764,0.04698171159902376]
[0.9721639991197206,0.02783600088027933]
[0.9721639991197206,0.02783600088027933]
[0.9721639991197206,0.02783600088027933]
[0.9721639991197206,0.02783600088027933]
[0.9721639991197206,0.02783600088027933]
[0.9730182884009763,0.02698171159902376]
[0.9721639991197206,0.02783600088027933]
[0.9721639991197206,0.02783600088027933]
[0.9721639991197206,0.02783600088027933]
[0.9721639991197206,0.02783600088027933]
[0.9721639991197206,0.02783600088027933]
[0.9721639991197206,0.02783600088027933]
[0.9612408240577649,0.038759175942235095]
[0.24255865779378177,0.7574413422062183]
[0.9429048480971494,0.05709515190285058]
[0.3787870165055668,0.6212129834944332]
[0.9982710880792733,0.0017289119207266987]
[0.9429048480971494,0.05709515190285058]
[0.9429048480971494,0.05709515190285058]
[0.6923305299991187,0.30766947000088135]
[0.9982710880792733,0.0017289119207266987]
[0.9259902692761816,0.07400973072381846]
[0.9982710880792733,0.0017289119207266987]
[0.970331733148674,0.029668266851326]
[0.569474045459036,0.4305259545409639]
[0.9880581801236128,0.011941819876387323]
[0.9991154111422895,0.0008845888577103508]
[0.12977890437074488,0.8702210956292552]
[0.3338236465421968,0.6661763534578032]
[0.9259902692761816,0.07400973072381846]
[0.9593180487225652,0.04068195127743481]
[0.9429048480971494,0.05709515190285058]
[0.9429048480971494,0.05709515190285058]
[0.3338236465421968,0.6661763534578032]
[0.999305570837894,0.0006944291621060093]
[0.970331733148674,0.029668266851326]
[0.9631233062162096,0.03687669378379036]
[0.970331733148674,0.029668266851326]
[0.6164395576047307,0.38356044239526943]
[0.970331733148674,0.029668266851326]
[0.4675338369057752,0.5324661630942249]
[0.970331733148674,0.029668266851326]
[0.9982710880792733,0.0017289119207266987]
[0.9600190933558992,0.039980906644100776]
[0.9810211419768635,0.01897885802313648]
[0.9661863562952672,0.03381364370473289]
[0.4675338369057752,0.5324661630942249]
[0.9722142153071187,0.027785784692881267]
[0.32549031320886346,0.6745096867911365]
[0.4675338369057752,0.5324661630942249]
[0.9296224008751608,0.07037759912483929]
[0.9991154111422895,0.0008845888577103508]
[0.9079461031982474,0.09205389680175254]
[0.9079461031982474,0.09205389680175254]
[0.9722142153071187,0.027785784692881267]
[0.4675338369057752,0.5324661630942249]
[0.32549031320886346,0.6745096867911365]
[0.9579461031982474,0.04205389680175254]
[0.9579461031982474,0.04205389680175254]
[0.9881077204242568,0.011892279575743335]
[0.4675338369057752,0.5324661630942249]
[0.9945667681801403,0.005433231819859727]
[0.9945667681801403,0.005433231819859727]
[0.9530182884009764,0.04698171159902376]
[0.9530182884009764,0.04698171159902376]
[0.9721639991197206,0.02783600088027933]
[0.9721639991197206,0.02783600088027933]
[0.970331733148674,0.029668266851326]
[0.9721639991197206,0.02783600088027933]
[0.9721639991197206,0.02783600088027933]
[0.970331733148674,0.029668266851326]
[0.9991154111422895,0.0008845888577103508]
[0.9945667681801403,0.005433231819859727]
[0.5721526168876074,0.42784738311239245]
[0.9982710880792733,0.0017289119207266987]
[0.9794679081002284,0.020532091899771576]
[0.9945667681801403,0.005433231819859727]
[0.9612408240577649,0.038759175942235095]
[0.24255865779378177,0.7574413422062183]
[0.9429048480971494,0.05709515190285058]
[0.9721639991197206,0.02783600088027933]
[0.9721639991197206,0.02783600088027933]
[0.9661863562952672,0.03381364370473289]
[0.9661863562952672,0.03381364370473289]
[0.9721639991197206,0.02783600088027933]
[0.9721639991197206,0.02783600088027933]
[0.9721639991197206,0.02783600088027933]
[0.9721639991197206,0.02783600088027933]
[0.9721639991197206,0.02783600088027933]
[0.9721639991197206,0.02783600088027933]
[0.9721639991197206,0.02783600088027933]
[0.9721639991197206,0.02783600088027933]
[0.9721639991197206,0.02783600088027933]
[0.9721639991197206,0.02783600088027933]
[0.12977890437074488,0.8702210956292552]
[0.7382486294177212,0.2617513705822788]
[0.24255865779378177,0.7574413422062183]
[0.6164395576047307,0.38356044239526943]
[0.24255865779378177,0.7574413422062183]
[0.4675338369057752,0.5324661630942249]
[0.970331733148674,0.029668266851326]
[0.4675338369057752,0.5324661630942249]
[0.24255865779378177,0.7574413422062183]
[0.970331733148674,0.029668266851326]
[0.4675338369057752,0.5324661630942249]
[0.24255865779378177,0.7574413422062183]
[0.6164395576047307,0.38356044239526943]
[0.5670842612186947,0.4329157387813053]
[0.24255865779378177,0.7574413422062183]
[0.24255865779378177,0.7574413422062183]
[0.4675338369057752,0.5324661630942249]
[0.24255865779378177,0.7574413422062183]
[0.4675338369057752,0.5324661630942249]
[0.9722142153071187,0.027785784692881267]
[0.4675338369057752,0.5324661630942249]
[0.24255865779378177,0.7574413422062183]
[0.9915102815597067,0.008489718440293278]
[0.9979201263965178,0.002079873603482147]
[0.9880581801236128,0.011941819876387323]
[0.9661863562952672,0.03381364370473289]
[0.9705288220486917,0.02947117795130823]
[0.9448861601591065,0.05511383984089337]
[0.24255865779378177,0.7574413422062183]
[0.9691056762544994,0.030894323745500697]
[0.9429048480971494,0.05709515190285058]
[0.4675338369057752,0.5324661630942249]
[0.8595693070451904,0.14043069295480964]
[0.24255865779378177,0.7574413422062183]
[0.8513263144478366,0.1486736855521635]
[0.9429048480971494,0.05709515190285058]
[0.9579461031982474,0.04205389680175254]
[0.4675338369057752,0.5324661630942249]
[0.4675338369057752,0.5324661630942249]
[0.4675338369057752,0.5324661630942249]
[0.9429048480971494,0.05709515190285058]
[0.4675338369057752,0.5324661630942249]
[0.9862199215132492,0.013780078486750886]
[0.9982710880792733,0.0017289119207266987]
[0.9691056762544994,0.030894323745500697]
[0.970331733148674,0.029668266851326]
[0.9982710880792733,0.0017289119207266987]
[0.24255865779378177,0.7574413422062183]
[0.4675338369057752,0.5324661630942249]
[0.4675338369057752,0.5324661630942249]
[0.9945667681801403,0.005433231819859727]
[0.9945667681801403,0.005433231819859727]
[0.9769572243395446,0.023042775660455327]
[0.9982710880792733,0.0017289119207266987]
[0.9721639991197206,0.02783600088027933]
[0.9945667681801403,0.005433231819859727]
[0.9945667681801403,0.005433231819859727]
[0.9945667681801403,0.005433231819859727]
[0.9721639991197206,0.02783600088027933]
[0.9721639991197206,0.02783600088027933]
[0.9721639991197206,0.02783600088027933]
[0.9721639991197206,0.02783600088027933]
[0.9721639991197206,0.02783600088027933]
[0.9721639991197206,0.02783600088027933]
[0.9721639991197206,0.02783600088027933]
[0.9721639991197206,0.02783600088027933]
[0.9721639991197206,0.02783600088027933]
[0.9721639991197206,0.02783600088027933]
[0.9448861601591065,0.05511383984089337]
[0.970331733148674,0.029668266851326]
[0.9721639991197206,0.02783600088027933]
[0.9721639991197206,0.02783600088027933]
[0.9721639991197206,0.02783600088027933]
[0.9721639991197206,0.02783600088027933]
[0.9721639991197206,0.02783600088027933]
[0.9721639991197206,0.02783600088027933]
[0.9721639991197206,0.02783600088027933]
[0.9721639991197206,0.02783600088027933]
[0.9721639991197206,0.02783600088027933]
[0.9721639991197206,0.02783600088027933]
[0.9721639991197206,0.02783600088027933]
[0.9721639991197206,0.02783600088027933]
[0.9721639991197206,0.02783600088027933]
[0.4675338369057752,0.5324661630942249]
[0.24255865779378177,0.7574413422062183]
[0.9683504210867169,0.031649578913283224]
[0.9661863562952672,0.03381364370473289]
[0.970331733148674,0.029668266851326]
[0.970331733148674,0.029668266851326]
[0.9429048480971494,0.05709515190285058]
[0.9429048480971494,0.05709515190285058]
[0.24255865779378177,0.7574413422062183]
[0.9881077204242568,0.011892279575743335]
[0.9674930903670912,0.03250690963290885]
[0.8595693070451904,0.14043069295480964]
[0.8513263144478366,0.1486736855521635]
[0.4675338369057752,0.5324661630942249]
[0.4675338369057752,0.5324661630942249]
[0.9722142153071187,0.027785784692881267]
[0.970331733148674,0.029668266851326]
[0.9429048480971494,0.05709515190285058]
[0.9880581801236128,0.011941819876387323]
[0.4675338369057752,0.5324661630942249]
[0.970331733148674,0.029668266851326]
[0.9600190933558992,0.039980906644100776]
[0.9810211419768635,0.01897885802313648]
[0.9579461031982474,0.04205389680175254]
[0.970331733148674,0.029668266851326]
[0.9730182884009763,0.02698171159902376]
[0.9730182884009763,0.02698171159902376]
[0.9730182884009763,0.02698171159902376]
[0.9730182884009763,0.02698171159902376]
[0.4675338369057752,0.5324661630942249]
[0.9880581801236128,0.011941819876387323]
[0.9880581801236128,0.011941819876387323]
[0.9721639991197206,0.02783600088027933]
[0.9721639991197206,0.02783600088027933]
[0.9721639991197206,0.02783600088027933]
[0.9530182884009764,0.04698171159902376]
[0.9530182884009764,0.04698171159902376]
[0.9530182884009764,0.04698171159902376]
[0.9721639991197206,0.02783600088027933]
[0.9721639991197206,0.02783600088027933]
[0.9721639991197206,0.02783600088027933]
[0.4675338369057752,0.5324661630942249]
[0.24255865779378177,0.7574413422062183]
[0.9429048480971494,0.05709515190285058]
[0.9429048480971494,0.05709515190285058]
[0.9429048480971494,0.05709515190285058]
[0.9429048480971494,0.05709515190285058]
[0.9881077204242568,0.011892279575743335]
[0.9098156493899631,0.0901843506100369]
[0.6074946234414323,0.39250537655856765]
[0.9429048480971494,0.05709515190285058]
[0.6923305299991187,0.30766947000088135]
[0.9991154111422895,0.0008845888577103508]
[0.9429048480971494,0.05709515190285058]
[0.24255865779378177,0.7574413422062183]
[0.9259902692761816,0.07400973072381846]
[0.9880581801236128,0.011941819876387323]
[0.9880581801236128,0.011941819876387323]
[0.9880581801236128,0.011941819876387323]
[0.9259902692761816,0.07400973072381846]
[0.9881077204242568,0.011892279575743335]
[0.9705288220486917,0.02947117795130823]
[0.9915102815597067,0.008489718440293278]
[0.9259902692761816,0.07400973072381846]
[0.9915102815597067,0.008489718440293278]
[0.9593180487225652,0.04068195127743481]
[0.32549031320886346,0.6745096867911365]
[0.9881077204242568,0.011892279575743335]
[0.9991154111422895,0.0008845888577103508]
[0.970331733148674,0.029668266851326]
[0.9429048480971494,0.05709515190285058]
[0.970331733148674,0.029668266851326]
[0.9600190933558992,0.039980906644100776]
[0.9631233062162096,0.03687669378379036]
[0.970331733148674,0.029668266851326]
[0.9661863562952672,0.03381364370473289]
[0.9982710880792733,0.0017289119207266987]
[0.9982710880792733,0.0017289119207266987]
[0.9661863562952672,0.03381364370473289]
[0.970331733148674,0.029668266851326]
[0.9721639991197206,0.02783600088027933]
[0.9721639991197206,0.02783600088027933]
[0.9721639991197206,0.02783600088027933]
[0.9530182884009764,0.04698171159902376]
[0.9721639991197206,0.02783600088027933]
[0.9721639991197206,0.02783600088027933]
[0.9721639991197206,0.02783600088027933]
[0.9730182884009763,0.02698171159902376]
[0.9730182884009763,0.02698171159902376]
[0.9530182884009764,0.04698171159902376]
[0.9705288220486917,0.02947117795130823]
[0.9721639991197206,0.02783600088027933]
[0.9721639991197206,0.02783600088027933]
[0.9721639991197206,0.02783600088027933]
[0.9721639991197206,0.02783600088027933]
[0.9721639991197206,0.02783600088027933]
[0.9721639991197206,0.02783600088027933]
[0.9721639991197206,0.02783600088027933]
[0.9721639991197206,0.02783600088027933]
[0.9583337000974723,0.041666299902527744]
[0.9483504210867167,0.05164957891328322]
[0.9483504210867167,0.05164957891328322]
[0.9979201263965178,0.002079873603482147]
[0.970331733148674,0.029668266851326]
[0.9429048480971494,0.05709515190285058]
[0.7258140719215663,0.2741859280784338]
[0.9722142153071187,0.027785784692881267]
[0.9705288220486917,0.02947117795130823]
[0.4675338369057752,0.5324661630942249]
[0.9317736578825688,0.06822634211743131]
[0.4675338369057752,0.5324661630942249]
[0.24255865779378177,0.7574413422062183]
[0.9573292134381243,0.04267078656187574]
[0.9631233062162096,0.03687669378379036]
[0.9573292134381243,0.04267078656187574]
[0.970331733148674,0.029668266851326]
[0.9226827487916596,0.0773172512083404]
[0.970331733148674,0.029668266851326]
[0.9600190933558992,0.039980906644100776]
[0.4675338369057752,0.5324661630942249]
[0.9730182884009763,0.02698171159902376]
[0.9730182884009763,0.02698171159902376]
[0.9187106786968456,0.08128932130315443]
[0.9721639991197206,0.02783600088027933]
[0.9721639991197206,0.02783600088027933]
[0.9798136104161562,0.020186389583843733]
[0.9721639991197206,0.02783600088027933]
[0.9721639991197206,0.02783600088027933]
[0.9738799859006917,0.026120014099308236]
[0.9187106786968456,0.08128932130315443]
[0.9445902413555765,0.05540975864442362]
[0.9934588086281799,0.006541191371820026]
[0.24255865779378177,0.7574413422062183]
[0.9880581801236128,0.011941819876387323]
[0.4675338369057752,0.5324661630942249]
[0.9661863562952672,0.03381364370473289]
[0.970331733148674,0.029668266851326]
[0.9631233062162096,0.03687669378379036]
[0.9612408240577649,0.038759175942235095]
[0.9317736578825688,0.06822634211743131]
[0.9612408240577649,0.038759175942235095]
[0.9721639991197206,0.02783600088027933]
[0.9705288220486917,0.02947117795130823]
[0.9173492925415939,0.08265070745840616]
[0.970331733148674,0.029668266851326]
[0.970331733148674,0.029668266851326]
[0.9447761775931184,0.05522382240688156]
[0.9810211419768635,0.01897885802313648]
[0.9721639991197206,0.02783600088027933]
[0.9661863562952672,0.03381364370473289]
[0.9721639991197206,0.02783600088027933]
[0.9530182884009764,0.04698171159902376]
[0.9810211419768635,0.01897885802313648]
[0.9513266766934866,0.048673323306513416]
[0.9721639991197206,0.02783600088027933]
[0.9721639991197206,0.02783600088027933]
[0.9721639991197206,0.02783600088027933]
[0.9412565515498791,0.05874344845012085]
[0.9187106786968456,0.08128932130315443]
[0.9721639991197206,0.02783600088027933]
[0.9721639991197206,0.02783600088027933]
[0.9721639991197206,0.02783600088027933]
[0.9187106786968456,0.08128932130315443]
[0.9722142153071187,0.027785784692881267]
[0.9187106786968456,0.08128932130315443]
[0.9982710880792733,0.0017289119207266987]
[0.9600190933558992,0.039980906644100776]
[0.9700358143451437,0.029964185654856257]
[0.9932385443109993,0.006761455689000643]
[0.4675338369057752,0.5324661630942249]
[0.9600190933558992,0.039980906644100776]
[0.7258140719215663,0.2741859280784338]
[0.970331733148674,0.029668266851326]
[0.970331733148674,0.029668266851326]
[0.970331733148674,0.029668266851326]
[0.579219810459348,0.42078018954065205]
[0.4675338369057752,0.5324661630942249]
[0.9722142153071187,0.027785784692881267]
[0.9661863562952672,0.03381364370473289]
[0.9796770873499672,0.020322912650032877]
[0.9982710880792733,0.0017289119207266987]
[0.970331733148674,0.029668266851326]
[0.4675338369057752,0.5324661630942249]
[0.9880581801236128,0.011941819876387323]
[0.6923305299991187,0.30766947000088135]
[0.9115823708478825,0.08841762915211748]
[0.9259902692761816,0.07400973072381846]
[0.970331733148674,0.029668266851326]
[0.970331733148674,0.029668266851326]
[0.4675338369057752,0.5324661630942249]
[0.9810211419768635,0.01897885802313648]
[0.9810211419768635,0.01897885802313648]
[0.9810211419768635,0.01897885802313648]
[0.9691056762544994,0.030894323745500697]
[0.9810211419768635,0.01897885802313648]
[0.9259902692761816,0.07400973072381846]
[0.9945667681801403,0.005433231819859727]
[0.9945667681801403,0.005433231819859727]
[0.7258140719215663,0.2741859280784338]
[0.9810211419768635,0.01897885802313648]
[0.579219810459348,0.42078018954065205]
[0.970331733148674,0.029668266851326]
[0.999305570837894,0.0006944291621060093]
[0.905455739740001,0.09454426025999901]
[0.999305570837894,0.0006944291621060093]
[0.9691056762544994,0.030894323745500697]
[0.9881077204242568,0.011892279575743335]
[0.9429048480971494,0.05709515190285058]
[0.8297168304978962,0.17028316950210373]
[0.4675338369057752,0.5324661630942249]
[0.9573292134381243,0.04267078656187574]
[0.4675338369057752,0.5324661630942249]
[0.4675338369057752,0.5324661630942249]
[0.9880581801236128,0.011941819876387323]
[0.9880581801236128,0.011941819876387323]
[0.9722142153071187,0.027785784692881267]
[0.4675338369057752,0.5324661630942249]
[0.9794679081002284,0.020532091899771576]
[0.9722142153071187,0.027785784692881267]
[0.9794679081002284,0.020532091899771576]
[0.9794679081002284,0.020532091899771576]
[0.9794679081002284,0.020532091899771576]
[0.9259902692761816,0.07400973072381846]
[0.9794679081002284,0.020532091899771576]
[0.970331733148674,0.029668266851326]
[0.970331733148674,0.029668266851326]
[0.9794679081002284,0.020532091899771576]
[0.9722142153071187,0.027785784692881267]
[0.9705288220486917,0.02947117795130823]
[0.9429048480971494,0.05709515190285058]
[0.9722142153071187,0.027785784692881267]
[0.9429048480971494,0.05709515190285058]
[0.9722142153071187,0.027785784692881267]
[0.970331733148674,0.029668266851326]
[0.9722142153071187,0.027785784692881267]
[0.9612408240577649,0.038759175942235095]
[0.9429048480971494,0.05709515190285058]
[0.9612408240577649,0.038759175942235095]
[0.4675338369057752,0.5324661630942249]
[0.9612408240577649,0.038759175942235095]
[0.9429048480971494,0.05709515190285058]
[0.9722142153071187,0.027785784692881267]
[0.9259902692761816,0.07400973072381846]
[0.9444802587895882,0.05551974121041181]
[0.9721639991197206,0.02783600088027933]
[0.9721639991197206,0.02783600088027933]
[0.9880581801236128,0.011941819876387323]
[0.9661863562952672,0.03381364370473289]
[0.9862199215132492,0.013780078486750886]
[0.9721639991197206,0.02783600088027933]
[0.9721639991197206,0.02783600088027933]
[0.9721639991197206,0.02783600088027933]
[0.9721639991197206,0.02783600088027933]
[0.9721639991197206,0.02783600088027933]
[0.9440313815778575,0.05596861842214246]
[0.9721639991197206,0.02783600088027933]
[0.9721639991197206,0.02783600088027933]
[0.24255865779378177,0.7574413422062183]
[0.9915102815597067,0.008489718440293278]
[0.9592595119958076,0.04074048800419232]
[0.9566937192401952,0.04330628075980479]
[0.9721639991197206,0.02783600088027933]
[0.9721639991197206,0.02783600088027933]
[0.9705288220486917,0.02947117795130823]
[0.9721639991197206,0.02783600088027933]
[0.9173492925415939,0.08265070745840616]
[0.9187106786968456,0.08128932130315443]
[0.9721639991197206,0.02783600088027933]
[0.9631233062162096,0.03687669378379036]
[0.9721639991197206,0.02783600088027933]
[0.9721639991197206,0.02783600088027933]
[0.9721639991197206,0.02783600088027933]
[0.8849672199549496,0.11503278004505031]
[0.9700358143451437,0.029964185654856257]
[0.9721639991197206,0.02783600088027933]
[0.9530182884009764,0.04698171159902376]
[0.9530182884009764,0.04698171159902376]
[0.9861055868577079,0.01389441314229202]
[0.9721639991197206,0.02783600088027933]
[0.9721639991197206,0.02783600088027933]
[0.9721639991197206,0.02783600088027933]
[0.9795933460989756,0.02040665390102435]
[0.970331733148674,0.029668266851326]
[0.970331733148674,0.029668266851326]
[0.9032818266965228,0.09671817330347728]
[0.9700358143451437,0.029964185654856257]
[0.9057163714514014,0.09428362854859856]
[0.970331733148674,0.029668266851326]
[0.9429048480971494,0.05709515190285058]
[0.9600190933558992,0.039980906644100776]
[0.9429048480971494,0.05709515190285058]
[0.9721639991197206,0.02783600088027933]
[0.9721639991197206,0.02783600088027933]
[0.9721639991197206,0.02783600088027933]
[0.9730182884009763,0.02698171159902376]
[0.9530182884009764,0.04698171159902376]
[0.970331733148674,0.029668266851326]
[0.970331733148674,0.029668266851326]
[0.9600190933558992,0.039980906644100776]
[0.9573292134381243,0.04267078656187574]
[0.9448861601591065,0.05511383984089337]
[0.9448861601591065,0.05511383984089337]
[0.9982710880792733,0.0017289119207266987]
[0.32549031320886346,0.6745096867911365]
[0.970331733148674,0.029668266851326]
[0.9721639991197206,0.02783600088027933]
[0.9683504210867169,0.031649578913283224]
[0.9848632345361142,0.01513676546388569]
[0.9721639991197206,0.02783600088027933]
[0.970331733148674,0.029668266851326]
[0.970331733148674,0.029668266851326]
[0.9787365727353567,0.021263427264643284]
[0.9721639991197206,0.02783600088027933]
[0.9721639991197206,0.02783600088027933]
[0.9730182884009763,0.02698171159902376]
[0.9810211419768635,0.01897885802313648]
[0.9810211419768635,0.01897885802313648]
[0.9535282530726243,0.04647174692737559]
[0.9730182884009763,0.02698171159902376]
[0.9730182884009763,0.02698171159902376]
[0.9721639991197206,0.02783600088027933]
[0.9721639991197206,0.02783600088027933]
[0.9721639991197206,0.02783600088027933]
[0.970331733148674,0.029668266851326]
[0.9932385443109993,0.006761455689000643]
[0.9429048480971494,0.05709515190285058]
[0.9573292134381243,0.04267078656187574]
[0.970331733148674,0.029668266851326]
[0.9208845917403238,0.07911540825967617]
[0.6923305299991187,0.30766947000088135]
[0.9429048480971494,0.05709515190285058]
[0.9429048480971494,0.05709515190285058]
[0.9982710880792733,0.0017289119207266987]
[0.9259902692761816,0.07400973072381846]
[0.9794679081002284,0.020532091899771576]
[0.9794679081002284,0.020532091899771576]
[0.9448861601591065,0.05511383984089337]
[0.9448861601591065,0.05511383984089337]
[0.9794679081002284,0.020532091899771576]
[0.9794679081002284,0.020532091899771576]
[0.9794679081002284,0.020532091899771576]
[0.9794679081002284,0.020532091899771576]
[0.9881077204242568,0.011892279575743335]
[0.9794679081002284,0.020532091899771576]
[0.9794679081002284,0.020532091899771576]
[0.9794679081002284,0.020532091899771576]
[0.9991154111422895,0.0008845888577103508]
[0.9674930903670912,0.03250690963290885]
[0.9794679081002284,0.020532091899771576]
[0.9794679081002284,0.020532091899771576]
[0.9794679081002284,0.020532091899771576]
[0.9674930903670912,0.03250690963290885]
[0.9982710880792733,0.0017289119207266987]
[0.32549031320886346,0.6745096867911365]
[0.9792010372664699,0.020798962733530175]
[0.9429048480971494,0.05709515190285058]
[0.9691056762544994,0.030894323745500697]
[0.999305570837894,0.0006944291621060093]
[0.970331733148674,0.029668266851326]
[0.970331733148674,0.029668266851326]
[0.9683504210867169,0.031649578913283224]
[0.9661863562952672,0.03381364370473289]
[0.9661863562952672,0.03381364370473289]
[0.9722142153071187,0.027785784692881267]
[0.9797827636784696,0.02021723632153046]
[0.9596021078705909,0.040397892129409134]
[0.3338236465421968,0.6661763534578032]
[0.9722142153071187,0.027785784692881267]
[0.9600190933558992,0.039980906644100776]
[0.9722142153071187,0.027785784692881267]
[0.9691056762544994,0.030894323745500697]
[0.970331733148674,0.029668266851326]
[0.9583337000974723,0.041666299902527744]
[0.9982710880792733,0.0017289119207266987]
[0.9810211419768635,0.01897885802313648]
[0.9810211419768635,0.01897885802313648]
[0.9810211419768635,0.01897885802313648]
[0.9661863562952672,0.03381364370473289]
[0.9862199215132492,0.013780078486750886]
[0.9862199215132492,0.013780078486750886]
[0.9662199215132491,0.03378007848675088]
[0.9662199215132491,0.03378007848675088]
[0.9600190933558992,0.039980906644100776]
[0.9600190933558992,0.039980906644100776]
[0.9979201263965178,0.002079873603482147]
[0.9979201263965178,0.002079873603482147]
[0.9979201263965178,0.002079873603482147]
[0.9979201263965178,0.002079873603482147]
[0.9600190933558992,0.039980906644100776]
[0.9600190933558992,0.039980906644100776]
[0.9721639991197206,0.02783600088027933]
[0.9530182884009764,0.04698171159902376]
[0.9530182884009764,0.04698171159902376]
[0.9721639991197206,0.02783600088027933]
[0.9721639991197206,0.02783600088027933]
[0.9721639991197206,0.02783600088027933]
[0.9721639991197206,0.02783600088027933]
[0.9721639991197206,0.02783600088027933]
[0.9721639991197206,0.02783600088027933]
[0.9915102815597067,0.008489718440293278]
[0.9721639991197206,0.02783600088027933]
[0.9721639991197206,0.02783600088027933]
[0.9721639991197206,0.02783600088027933]
[0.970331733148674,0.029668266851326]
[0.9721639991197206,0.02783600088027933]
[0.9721639991197206,0.02783600088027933]
[0.9979201263965178,0.002079873603482147]
[0.9721639991197206,0.02783600088027933]
[0.9530182884009764,0.04698171159902376]
[0.9530182884009764,0.04698171159902376]
[0.9530182884009764,0.04698171159902376]
[0.9429048480971494,0.05709515190285058]
[0.9429048480971494,0.05709515190285058]
[0.9530182884009764,0.04698171159902376]
[0.9530182884009764,0.04698171159902376]
[0.970331733148674,0.029668266851326]
[0.9862199215132492,0.013780078486750886]
[0.9631233062162096,0.03687669378379036]
[0.9730182884009763,0.02698171159902376]
[0.9730182884009763,0.02698171159902376]
[0.9862199215132492,0.013780078486750886]
[0.9662199215132491,0.03378007848675088]
[0.9592595119958076,0.04074048800419232]
[0.9662199215132491,0.03378007848675088]
[0.9662199215132491,0.03378007848675088]
[0.9683504210867169,0.031649578913283224]
[0.9600190933558992,0.039980906644100776]
[0.9600190933558992,0.039980906644100776]
[0.9600190933558992,0.039980906644100776]
[0.9979201263965178,0.002079873603482147]
[0.9979201263965178,0.002079873603482147]
[0.9979201263965178,0.002079873603482147]
[0.9979201263965178,0.002079873603482147]
[0.9979201263965178,0.002079873603482147]
[0.9979201263965178,0.002079873603482147]
[0.9600190933558992,0.039980906644100776]
[0.9600190933558992,0.039980906644100776]
[0.9600190933558992,0.039980906644100776]
[0.9721639991197206,0.02783600088027933]
[0.9530182884009764,0.04698171159902376]
[0.970331733148674,0.029668266851326]
[0.970331733148674,0.029668266851326]
[0.9721639991197206,0.02783600088027933]
[0.9579461031982474,0.04205389680175254]
[0.9721639991197206,0.02783600088027933]
[0.9881077204242568,0.011892279575743335]
[0.9579461031982474,0.04205389680175254]
[0.9721639991197206,0.02783600088027933]
[0.9721639991197206,0.02783600088027933]
[0.9721639991197206,0.02783600088027933]
[0.9881077204242568,0.011892279575743335]
[0.9674930903670912,0.03250690963290885]
[0.3338236465421968,0.6661763534578032]
[0.9612408240577649,0.038759175942235095]
[0.9612408240577649,0.038759175942235095]
[0.9881077204242568,0.011892279575743335]
[0.9705288220486917,0.02947117795130823]
[0.9674930903670912,0.03250690963290885]
[0.9982710880792733,0.0017289119207266987]
[0.9722142153071187,0.027785784692881267]
[0.6164395576047307,0.38356044239526943]
[0.4675338369057752,0.5324661630942249]
[0.4675338369057752,0.5324661630942249]
[0.9982710880792733,0.0017289119207266987]
[0.4675338369057752,0.5324661630942249]
[0.9600190933558992,0.039980906644100776]
[0.4675338369057752,0.5324661630942249]
[0.9722142153071187,0.027785784692881267]
[0.9862199215132492,0.013780078486750886]
[0.9722142153071187,0.027785784692881267]
[0.9862199215132492,0.013780078486750886]
[0.9600190933558992,0.039980906644100776]
[0.9662199215132491,0.03378007848675088]
[0.9606643659576936,0.039335634042306444]
[0.9662199215132491,0.03378007848675088]
[0.9705288220486917,0.02947117795130823]
[0.9979201263965178,0.002079873603482147]
[0.9979201263965178,0.002079873603482147]
[0.9979201263965178,0.002079873603482147]
[0.9979201263965178,0.002079873603482147]
[0.9979201263965178,0.002079873603482147]
[0.9979201263965178,0.002079873603482147]
[0.9600190933558992,0.039980906644100776]
[0.9600190933558992,0.039980906644100776]
[0.9600190933558992,0.039980906644100776]
[0.9979201263965178,0.002079873603482147]
[0.9979201263965178,0.002079873603482147]
[0.9979201263965178,0.002079873603482147]
[0.9979201263965178,0.002079873603482147]
[0.9862199215132492,0.013780078486750886]
[0.9979201263965178,0.002079873603482147]
[0.9862199215132492,0.013780078486750886]
[0.9979201263965178,0.002079873603482147]
[0.9862199215132492,0.013780078486750886]
[0.9600190933558992,0.039980906644100776]
[0.9979201263965178,0.002079873603482147]
[0.9600190933558992,0.039980906644100776]
[0.9600190933558992,0.039980906644100776]
[0.9600190933558992,0.039980906644100776]
[0.9600190933558992,0.039980906644100776]
[0.9600190933558992,0.039980906644100776]
[0.9600190933558992,0.039980906644100776]
[0.9600190933558992,0.039980906644100776]
[0.9979201263965178,0.002079873603482147]
[0.9600190933558992,0.039980906644100776]
[0.9979201263965178,0.002079873603482147]
[0.9600190933558992,0.039980906644100776]
[0.9600190933558992,0.039980906644100776]
[0.9721639991197206,0.02783600088027933]
[0.9794679081002284,0.020532091899771576]
[0.9721639991197206,0.02783600088027933]
[0.9721639991197206,0.02783600088027933]
[0.9979201263965178,0.002079873603482147]
[0.9794679081002284,0.020532091899771576]
[0.9794679081002284,0.020532091899771576]
[0.9730182884009763,0.02698171159902376]
[0.9530182884009764,0.04698171159902376]
[0.9721639991197206,0.02783600088027933]
[0.9794679081002284,0.020532091899771576]
[0.9721639991197206,0.02783600088027933]
[0.9721639991197206,0.02783600088027933]
[0.9721639991197206,0.02783600088027933]
[0.9722142153071187,0.027785784692881267]
[0.9721639991197206,0.02783600088027933]
[0.9721639991197206,0.02783600088027933]
[0.9745266687839891,0.025473331216010885]
[0.9745266687839891,0.025473331216010885]
[0.9721639991197206,0.02783600088027933]
[0.9259902692761816,0.07400973072381846]
[0.9721639991197206,0.02783600088027933]
[0.9259902692761816,0.07400973072381846]
[0.9008911329984279,0.09910886700157204]
[0.9721639991197206,0.02783600088027933]
[0.9721639991197206,0.02783600088027933]
[0.9098156493899631,0.0901843506100369]
[0.9499213733423536,0.0500786266576464]
[0.9098156493899631,0.0901843506100369]
[0.9721639991197206,0.02783600088027933]
[0.9794679081002284,0.020532091899771576]
[0.9259902692761816,0.07400973072381846]
[0.9098156493899631,0.0901843506100369]
[0.9721639991197206,0.02783600088027933]
[0.9259902692761816,0.07400973072381846]
[0.9794679081002284,0.020532091899771576]
[0.9721639991197206,0.02783600088027933]
[0.9098156493899631,0.0901843506100369]
[0.9675145257605171,0.03248547423948276]
[0.9530182884009764,0.04698171159902376]
[0.9730182884009763,0.02698171159902376]
[0.9098156493899631,0.0901843506100369]
[0.9721639991197206,0.02783600088027933]
[0.9445816025006936,0.0554183974993064]
[0.9098156493899631,0.0901843506100369]
[0.9721639991197206,0.02783600088027933]
[0.9794679081002284,0.020532091899771576]
[0.9907660123138922,0.00923398768610791]
[0.9730182884009763,0.02698171159902376]
[0.9098156493899631,0.0901843506100369]
[0.9721639991197206,0.02783600088027933]
[0.9721639991197206,0.02783600088027933]
[0.9721639991197206,0.02783600088027933]
[0.9872937900916698,0.012706209908330133]
[0.9721639991197206,0.02783600088027933]
[0.9721639991197206,0.02783600088027933]
[0.9907660123138922,0.00923398768610791]
[0.5721526168876074,0.42784738311239245]
[0.999305570837894,0.0006944291621060093]
[0.9797827636784696,0.02021723632153046]
[0.9797827636784696,0.02021723632153046]
[0.9745266687839891,0.025473331216010885]
[0.9945667681801403,0.005433231819859727]
[0.9945667681801403,0.005433231819859727]
[0.9745266687839891,0.025473331216010885]
[0.9766100021173225,0.023389997882677552]
[0.9807426156377674,0.019257384362232607]
[0.19893648489716886,0.8010635151028312]
[0.9982710880792733,0.0017289119207266987]
[0.32549031320886346,0.6745096867911365]
[0.9769572243395446,0.023042775660455327]
[0.9600190933558992,0.039980906644100776]
[0.9945667681801403,0.005433231819859727]
[0.9769572243395446,0.023042775660455327]
[0.9738799859006917,0.026120014099308236]
[0.9479726975170688,0.05202730248293114]
[0.9721639991197206,0.02783600088027933]
[0.9721639991197206,0.02783600088027933]
[0.9721639991197206,0.02783600088027933]
[0.9259902692761816,0.07400973072381846]
[0.9259902692761816,0.07400973072381846]
[0.32549031320886346,0.6745096867911365]
[0.9259902692761816,0.07400973072381846]
[0.9745266687839891,0.025473331216010885]
[0.9721639991197206,0.02783600088027933]
[0.9745266687839891,0.025473331216010885]
[0.9721639991197206,0.02783600088027933]
[0.9721639991197206,0.02783600088027933]
[0.9982710880792733,0.0017289119207266987]
[0.9745266687839891,0.025473331216010885]
[0.9794679081002284,0.020532091899771576]
[0.9259902692761816,0.07400973072381846]
[0.9259902692761816,0.07400973072381846]
[0.9945667681801403,0.005433231819859727]
[0.9721639991197206,0.02783600088027933]
[0.9225699849987509,0.0774300150012492]
[0.9721639991197206,0.02783600088027933]
[0.9008911329984279,0.09910886700157204]
[0.9098156493899631,0.0901843506100369]
[0.9098156493899631,0.0901843506100369]
[0.9721639991197206,0.02783600088027933]
[0.9225699849987509,0.0774300150012492]
[0.9098156493899631,0.0901843506100369]
[0.9794679081002284,0.020532091899771576]
[0.9098156493899631,0.0901843506100369]
[0.9259902692761816,0.07400973072381846]
[0.9098156493899631,0.0901843506100369]
[0.9945667681801403,0.005433231819859727]
[0.9794679081002284,0.020532091899771576]
[0.9530182884009764,0.04698171159902376]
[0.9530182884009764,0.04698171159902376]
[0.9109865704313437,0.08901342956865639]
[0.9530182884009764,0.04698171159902376]
[0.9794679081002284,0.020532091899771576]
[0.9109865704313437,0.08901342956865639]
[0.9098156493899631,0.0901843506100369]
[0.9794679081002284,0.020532091899771576]
[0.9098156493899631,0.0901843506100369]
[0.9705288220486917,0.02947117795130823]
[0.9098156493899631,0.0901843506100369]
[0.9098156493899631,0.0901843506100369]
[0.9829254255492096,0.017074574450790473]
[0.9109865704313437,0.08901342956865639]
[0.9907660123138922,0.00923398768610791]
[0.9797827636784696,0.02021723632153046]
[0.9907660123138922,0.00923398768610791]
[0.9848632345361142,0.01513676546388569]
[0.9982710880792733,0.0017289119207266987]
[0.9225699849987509,0.0774300150012492]
[0.98611113536761,0.013888864632390108]
[0.9797827636784696,0.02021723632153046]
[0.9907660123138922,0.00923398768610791]
[0.9259902692761816,0.07400973072381846]
[0.9631233062162096,0.03687669378379036]
[0.9745266687839891,0.025473331216010885]
[0.9745266687839891,0.025473331216010885]
[0.9259902692761816,0.07400973072381846]
[0.9745266687839891,0.025473331216010885]
[0.9259902692761816,0.07400973072381846]
[0.9259902692761816,0.07400973072381846]
[0.9807426156377674,0.019257384362232607]
[0.9807426156377674,0.019257384362232607]
[0.9807426156377674,0.019257384362232607]
[0.9259902692761816,0.07400973072381846]
[0.9259902692761816,0.07400973072381846]
[0.9259902692761816,0.07400973072381846]
[0.9745266687839891,0.025473331216010885]
[0.9745266687839891,0.025473331216010885]
[0.9259902692761816,0.07400973072381846]
[0.9259902692761816,0.07400973072381846]
[0.9807426156377674,0.019257384362232607]
[0.9807426156377674,0.019257384362232607]
[0.9259902692761816,0.07400973072381846]
[0.9991154111422895,0.0008845888577103508]
[0.9982710880792733,0.0017289119207266987]
[0.569474045459036,0.4305259545409639]
[0.9674930903670912,0.03250690963290885]
[0.9078902844948796,0.09210971550512033]
[0.9078902844948796,0.09210971550512033]
[0.9738799859006917,0.026120014099308236]
[0.7382486294177212,0.2617513705822788]
[0.985579865127745,0.014420134872255099]
[0.12977890437074488,0.8702210956292552]
[0.9386837930737677,0.06131620692623237]
[0.24255865779378177,0.7574413422062183]
[0.3338236465421968,0.6661763534578032]
[0.9225699849987509,0.0774300150012492]
[0.24255865779378177,0.7574413422062183]
[0.9566937192401952,0.04330628075980479]
[0.9225699849987509,0.0774300150012492]
[0.9792010372664699,0.020798962733530175]
[0.24255865779378177,0.7574413422062183]
[0.9945667681801403,0.005433231819859727]
[0.9945667681801403,0.005433231819859727]
[0.9945667681801403,0.005433231819859727]
[0.9745266687839891,0.025473331216010885]
[0.9745266687839891,0.025473331216010885]
[0.9745266687839891,0.025473331216010885]
[0.24255865779378177,0.7574413422062183]
[0.9807426156377674,0.019257384362232607]
[0.9807426156377674,0.019257384362232607]
[0.9745266687839891,0.025473331216010885]
[0.9954407630204157,0.004559236979584243]
[0.9722142153071187,0.027785784692881267]
[0.905455739740001,0.09454426025999901]
[0.9932385443109993,0.006761455689000643]
[0.9862199215132492,0.013780078486750886]
[0.9208845917403238,0.07911540825967617]
[0.9770174926889685,0.022982507311031353]
[0.9722142153071187,0.027785784692881267]
[0.970331733148674,0.029668266851326]
[0.24255865779378177,0.7574413422062183]
[0.9721639991197206,0.02783600088027933]
[0.9794679081002284,0.020532091899771576]
[0.9721639991197206,0.02783600088027933]
[0.9794679081002284,0.020532091899771576]
[0.24255865779378177,0.7574413422062183]
[0.9722142153071187,0.027785784692881267]
[0.9794679081002284,0.020532091899771576]
[0.9794679081002284,0.020532091899771576]
[0.9794679081002284,0.020532091899771576]
[0.9083337000974723,0.09166629990252775]
[0.9083337000974723,0.09166629990252775]
[0.5670842612186947,0.4329157387813053]
[0.887141132998428,0.11285886700157204]
[0.9794679081002284,0.020532091899771576]
[0.9807426156377674,0.019257384362232607]
[0.9794679081002284,0.020532091899771576]
[0.9794679081002284,0.020532091899771576]
[0.9579461031982474,0.04205389680175254]
[0.9721639991197206,0.02783600088027933]
[0.9721639991197206,0.02783600088027933]
[0.9721639991197206,0.02783600088027933]
[0.9794679081002284,0.020532091899771576]
[0.9945667681801403,0.005433231819859727]
[0.9807426156377674,0.019257384362232607]
[0.9579461031982474,0.04205389680175254]
[0.9807426156377674,0.019257384362232607]
[0.9579461031982474,0.04205389680175254]
[0.9809901790531189,0.019009820946881167]
[0.9469083657048417,0.05309163429515833]
[0.9722142153071187,0.027785784692881267]
[0.9886089456216715,0.011391054378328583]
[0.24255865779378177,0.7574413422062183]
[0.9394111461804325,0.060588853819567454]
[0.9394111461804325,0.060588853819567454]
[0.887141132998428,0.11285886700157204]
[0.9579461031982474,0.04205389680175254]
[0.9579461031982474,0.04205389680175254]
[0.9945667681801403,0.005433231819859727]
[0.9945667681801403,0.005433231819859727]
[0.9945667681801403,0.005433231819859727]
[0.905455739740001,0.09454426025999901]
[0.9945667681801403,0.005433231819859727]
[0.9794679081002284,0.020532091899771576]
[0.9794679081002284,0.020532091899771576]
[0.9794679081002284,0.020532091899771576]
[0.24255865779378177,0.7574413422062183]
[0.9794679081002284,0.020532091899771576]
[0.9098156493899631,0.0901843506100369]
[0.9945667681801403,0.005433231819859727]
[0.905455739740001,0.09454426025999901]
[0.9098156493899631,0.0901843506100369]
[0.9945667681801403,0.005433231819859727]
[0.9394111461804325,0.060588853819567454]
[0.9579461031982474,0.04205389680175254]
[0.9801970202809805,0.019802979719019388]
[0.9579461031982474,0.04205389680175254]
[0.9907660123138922,0.00923398768610791]
[0.9993615864059577,0.0006384135940422483]
[0.9579461031982474,0.04205389680175254]
[0.9807426156377674,0.019257384362232607]
[0.9807426156377674,0.019257384362232607]
[0.9807426156377674,0.019257384362232607]
[0.9945667681801403,0.005433231819859727]
[0.9721639991197206,0.02783600088027933]
[0.9721639991197206,0.02783600088027933]
[0.9721639991197206,0.02783600088027933]
[0.9945667681801403,0.005433231819859727]
[0.9579461031982474,0.04205389680175254]
[0.9907660123138922,0.00923398768610791]
[0.9394111461804325,0.060588853819567454]
[0.9945667681801403,0.005433231819859727]
[0.9098156493899631,0.0901843506100369]
[0.887141132998428,0.11285886700157204]
[0.9945667681801403,0.005433231819859727]
[0.9205950865122243,0.07940491348777559]
[0.9945667681801403,0.005433231819859727]
[0.9945667681801403,0.005433231819859727]
[0.9579461031982474,0.04205389680175254]
[0.9794679081002284,0.020532091899771576]
[0.9205950865122243,0.07940491348777559]
[0.9394111461804325,0.060588853819567454]
[0.9531583657048417,0.04684163429515833]
[0.9945667681801403,0.005433231819859727]
[0.9098156493899631,0.0901843506100369]
[0.9801970202809805,0.019802979719019388]
[0.9579461031982474,0.04205389680175254]
[0.9579461031982474,0.04205389680175254]
[0.9945667681801403,0.005433231819859727]
[0.9945667681801403,0.005433231819859727]
[0.887141132998428,0.11285886700157204]
[0.9205950865122243,0.07940491348777559]
[0.9945667681801403,0.005433231819859727]
[0.9394111461804325,0.060588853819567454]
[0.985579865127745,0.014420134872255099]
[0.9993615864059577,0.0006384135940422483]
[0.24255865779378177,0.7574413422062183]
[0.985579865127745,0.014420134872255099]
[0.9801970202809805,0.019802979719019388]
[0.9945667681801403,0.005433231819859727]
[0.9790088669911616,0.02099113300883839]
[0.9214522293693672,0.07854777063063274]
[0.9214522293693672,0.07854777063063274]
[0.9214522293693672,0.07854777063063274]
[0.9579461031982474,0.04205389680175254]
[0.9579461031982474,0.04205389680175254]
[0.9579461031982474,0.04205389680175254]
[0.9579461031982474,0.04205389680175254]
[0.9579461031982474,0.04205389680175254]
[0.9063128825971438,0.09368711740285614]
[0.9579461031982474,0.04205389680175254]
[0.9745266687839891,0.025473331216010885]
[0.9809901790531189,0.019009820946881167]
[0.9214522293693672,0.07854777063063274]
[0.9214522293693672,0.07854777063063274]
[0.9809901790531189,0.019009820946881167]
[0.9750333657048417,0.024966634295158337]
[0.9896798303513064,0.010320169648693688]
[0.9932385443109993,0.006761455689000643]
[0.9979201263965178,0.002079873603482147]
[0.9801970202809805,0.019802979719019388]
[0.9896798303513064,0.010320169648693688]
[0.9214522293693672,0.07854777063063274]
[0.9214522293693672,0.07854777063063274]
[0.9214522293693672,0.07854777063063274]
[0.9945667681801403,0.005433231819859727]
[0.9945667681801403,0.005433231819859727]
[0.9945667681801403,0.005433231819859727]
[0.9214522293693672,0.07854777063063274]
[0.9214522293693672,0.07854777063063274]
[0.9214522293693672,0.07854777063063274]
[0.9856381967515688,0.014361803248431153]
[0.9945667681801403,0.005433231819859727]
[0.9801970202809805,0.019802979719019388]
[0.9745266687839891,0.025473331216010885]
[0.9745266687839891,0.025473331216010885]
[0.9745266687839891,0.025473331216010885]
[0.9801970202809805,0.019802979719019388]
[0.9801970202809805,0.019802979719019388]
[0.9745266687839891,0.025473331216010885]
[0.9745266687839891,0.025473331216010885]
[0.9745266687839891,0.025473331216010885]
[0.9932385443109993,0.006761455689000643]
[0.8595693070451904,0.14043069295480964]
[0.9531583657048417,0.04684163429515833]
[0.9932385443109993,0.006761455689000643]
[0.8513263144478366,0.1486736855521635]
[0.9573292134381243,0.04267078656187574]
[0.24255865779378177,0.7574413422062183]
[0.4675338369057752,0.5324661630942249]
[0.9996055196549449,0.0003944803450551812]
[0.949586937133413,0.0504130628665869]
[0.4675338369057752,0.5324661630942249]
[0.9573292134381243,0.04267078656187574]
[0.9705288220486917,0.02947117795130823]
[0.9982710880792733,0.0017289119207266987]
[0.32549031320886346,0.6745096867911365]
[0.24255865779378177,0.7574413422062183]
[0.4675338369057752,0.5324661630942249]
[0.9531583657048417,0.04684163429515833]
[0.9795933460989756,0.02040665390102435]
[0.9579461031982474,0.04205389680175254]
[0.9579461031982474,0.04205389680175254]
[0.887141132998428,0.11285886700157204]
[0.9579461031982474,0.04205389680175254]
[0.9932385443109993,0.006761455689000643]
[0.9579461031982474,0.04205389680175254]
[0.8966586597515631,0.1033413402484368]
[0.4675338369057752,0.5324661630942249]
[0.9982710880792733,0.0017289119207266987]
[0.9098156493899631,0.0901843506100369]
[0.9200190933558993,0.07998090664410078]
[0.6074946234414323,0.39250537655856765]
[0.9200190933558993,0.07998090664410078]
[0.9200190933558993,0.07998090664410078]
[0.9721639991197206,0.02783600088027933]
[0.9721639991197206,0.02783600088027933]
[0.9721639991197206,0.02783600088027933]
[0.9083337000974723,0.09166629990252775]
[0.9083337000974723,0.09166629990252775]
[0.9083337000974723,0.09166629990252775]
[0.9200190933558993,0.07998090664410078]
[0.9200190933558993,0.07998090664410078]
[0.9200190933558993,0.07998090664410078]
[0.9862199215132492,0.013780078486750886]
[0.9982710880792733,0.0017289119207266987]
[0.8886585587425191,0.11134144125748091]
[0.9841298233056527,0.015870176694347333]
[0.9705288220486917,0.02947117795130823]
[0.9259902692761816,0.07400973072381846]
[0.9259902692761816,0.07400973072381846]
[0.9809901790531189,0.019009820946881167]
[0.9593180487225652,0.04068195127743481]
[0.9214522293693672,0.07854777063063274]
[0.9214522293693672,0.07854777063063274]
[0.9809901790531189,0.019009820946881167]
[0.9809901790531189,0.019009820946881167]
[0.9214522293693672,0.07854777063063274]
[0.9214522293693672,0.07854777063063274]
[0.9809901790531189,0.019009820946881167]
[0.9214522293693672,0.07854777063063274]
[0.9996055196549449,0.0003944803450551812]
[0.9809901790531189,0.019009820946881167]
[0.9996055196549449,0.0003944803450551812]
[0.4675338369057752,0.5324661630942249]
[0.9982710880792733,0.0017289119207266987]
[0.9794679081002284,0.020532091899771576]
[0.9098156493899631,0.0901843506100369]
[0.9214522293693672,0.07854777063063274]
[0.9214522293693672,0.07854777063063274]
[0.9214522293693672,0.07854777063063274]
[0.9794679081002284,0.020532091899771576]
[0.9794679081002284,0.020532091899771576]
[0.9801970202809805,0.019802979719019388]
[0.9790088669911616,0.02099113300883839]
[0.9790088669911616,0.02099113300883839]
[0.9722142153071187,0.027785784692881267]
[0.6556427715895805,0.3443572284104195]
[0.24255865779378177,0.7574413422062183]
[0.8839746675082868,0.11602533249171325]
[0.9722142153071187,0.027785784692881267]
[0.9259902692761816,0.07400973072381846]
[0.9807426156377674,0.019257384362232607]
[0.9807426156377674,0.019257384362232607]
[0.9807426156377674,0.019257384362232607]
[0.9579461031982474,0.04205389680175254]
[0.9579461031982474,0.04205389680175254]
[0.9259902692761816,0.07400973072381846]
[0.9259902692761816,0.07400973072381846]
[0.9259902692761816,0.07400973072381846]
[0.9579461031982474,0.04205389680175254]
[0.9579461031982474,0.04205389680175254]
[0.970331733148674,0.029668266851326]
[0.9722142153071187,0.027785784692881267]
[0.9721639991197206,0.02783600088027933]
[0.9792010372664699,0.020798962733530175]
[0.9721639991197206,0.02783600088027933]
[0.9721639991197206,0.02783600088027933]
[0.9722142153071187,0.027785784692881267]
[0.9259902692761816,0.07400973072381846]
[0.6164395576047307,0.38356044239526943]
[0.9083337000974723,0.09166629990252775]
[0.9083337000974723,0.09166629990252775]
[0.9083337000974723,0.09166629990252775]
[0.970331733148674,0.029668266851326]
[0.4675338369057752,0.5324661630942249]
[0.9593180487225652,0.04068195127743481]
[0.9971340990803323,0.002865900919667574]
[0.9400190933558992,0.05998090664410079]
[0.9400190933558992,0.05998090664410079]
[0.3338236465421968,0.6661763534578032]
[0.9400190933558992,0.05998090664410079]
[0.4675338369057752,0.5324661630942249]
[0.999305570837894,0.0006944291621060093]
[0.9721639991197206,0.02783600088027933]
[0.9721639991197206,0.02783600088027933]
[0.9721639991197206,0.02783600088027933]
[0.970331733148674,0.029668266851326]
[0.9083337000974723,0.09166629990252775]
[0.9083337000974723,0.09166629990252775]
[0.9083337000974723,0.09166629990252775]
[0.4675338369057752,0.5324661630942249]
[0.9722142153071187,0.027785784692881267]
[0.9722142153071187,0.027785784692881267]
[0.24255865779378177,0.7574413422062183]
[0.9722142153071187,0.027785784692881267]
[0.9722142153071187,0.027785784692881267]
[0.9400190933558992,0.05998090664410079]
[0.9400190933558992,0.05998090664410079]
[0.9862199215132492,0.013780078486750886]
[0.4675338369057752,0.5324661630942249]
[0.9722142153071187,0.027785784692881267]
[0.9356381967515688,0.06436180324843115]
[0.8886585587425191,0.11134144125748091]
[0.982191440397701,0.01780855960229906]
[0.9841298233056527,0.015870176694347333]
[0.9841298233056527,0.015870176694347333]
[0.9356381967515688,0.06436180324843115]
[0.9600190933558992,0.039980906644100776]
[0.9722142153071187,0.027785784692881267]
[0.9600190933558992,0.039980906644100776]
[0.9400190933558992,0.05998090664410079]
[0.9400190933558992,0.05998090664410079]
[0.9400190933558992,0.05998090664410079]
[0.9600190933558992,0.039980906644100776]
[0.9600190933558992,0.039980906644100776]
[0.9600190933558992,0.039980906644100776]
[0.985579865127745,0.014420134872255099]
[0.9661143486293232,0.033885651370676825]
[0.5721526168876074,0.42784738311239245]
[0.9886089456216715,0.011391054378328583]
[0.9229315395959776,0.0770684604040223]
[0.9214522293693672,0.07854777063063274]
[0.9214522293693672,0.07854777063063274]
[0.9809901790531189,0.019009820946881167]
[0.9809901790531189,0.019009820946881167]
[0.9579461031982474,0.04205389680175254]
[0.9579461031982474,0.04205389680175254]
[0.9579461031982474,0.04205389680175254]
[0.9745266687839891,0.025473331216010885]
[0.9745266687839891,0.025473331216010885]
[0.19893648489716886,0.8010635151028312]
[0.9745266687839891,0.025473331216010885]
[0.9259902692761816,0.07400973072381846]
[0.9259902692761816,0.07400973072381846]
[0.9259902692761816,0.07400973072381846]
[0.9721639991197206,0.02783600088027933]
[0.9979201263965178,0.002079873603482147]
[0.9721639991197206,0.02783600088027933]
[0.9721639991197206,0.02783600088027933]
[0.9807426156377674,0.019257384362232607]
[0.9807426156377674,0.019257384362232607]
[0.9807426156377674,0.019257384362232607]
[0.19893648489716886,0.8010635151028312]
[0.9579461031982474,0.04205389680175254]
[0.9579461031982474,0.04205389680175254]
[0.9579461031982474,0.04205389680175254]
[0.5670842612186947,0.4329157387813053]
[0.9722142153071187,0.027785784692881267]
[0.9579461031982474,0.04205389680175254]
[0.9579461031982474,0.04205389680175254]
[0.9579461031982474,0.04205389680175254]
[0.24255865779378177,0.7574413422062183]
[0.4675338369057752,0.5324661630942249]
[0.970331733148674,0.029668266851326]
[0.9979201263965178,0.002079873603482147]
[0.9083337000974723,0.09166629990252775]
[0.24255865779378177,0.7574413422062183]
[0.9083337000974723,0.09166629990252775]
[0.9083337000974723,0.09166629990252775]
[0.970331733148674,0.029668266851326]
[0.24255865779378177,0.7574413422062183]
[0.970331733148674,0.029668266851326]
[0.9996055196549449,0.0003944803450551812]
[0.970331733148674,0.029668266851326]
[0.24255865779378177,0.7574413422062183]
[0.9400190933558992,0.05998090664410079]
[0.9400190933558992,0.05998090664410079]
[0.24255865779378177,0.7574413422062183]
[0.9400190933558992,0.05998090664410079]
[0.9400190933558992,0.05998090664410079]
[0.9400190933558992,0.05998090664410079]
[0.9400190933558992,0.05998090664410079]
[0.9600190933558992,0.039980906644100776]
[0.9600190933558992,0.039980906644100776]
[0.9600190933558992,0.039980906644100776]
[0.9445902413555765,0.05540975864442362]
[0.9445902413555765,0.05540975864442362]
[0.9445902413555765,0.05540975864442362]
[0.9722142153071187,0.027785784692881267]
[0.9722142153071187,0.027785784692881267]
[0.9979201263965178,0.002079873603482147]
[0.24255865779378177,0.7574413422062183]
