0.9935538183306188,0.006446181669381217
0.8802747144166173,0.11972528558338283
0.9955805694190767,0.004419430580923306
0.8793723760473448,0.12062762395265511
0.8832437631926424,0.11675623680735762
0.9947708863857436,0.005229113614256287
0.9929911247437748,0.007008875256225243
0.8857050743098899,0.11429492569011017
0.8876323488783019,0.11236765112169807
0.8857523902218798,0.11424760977812017
0.9966680206973559,0.0033319793026440627
0.9963668958145037,0.003633104185496483
0.9648828617400417,0.03511713825995841
0.8847627398889122,0.11523726011108772
0.9947618114447987,0.005238188555201288
0.9963447644998229,0.003655235500177253
0.8838644483862991,0.11613555161370093
0.8825460019351833,0.11745399806481671
0.998336680042686,0.0016633199573139826
0.9972226304536392,0.0027773695463608615
0.9990760531827378,0.000923946817262189
0.9990855005719537,0.0009144994280463616
0.9966672497083303,0.003332750291669602
0.8819420698697602,0.11805793013023975
0.9966702438532203,0.003329756146779597
0.8826360778375042,0.11736392216249583
0.8843996364821408,0.11560036351785906
0.8830631485041992,0.11693685149580078
0.9956850452229523,0.004314954777047619
0.9957407125639722,0.0042592874360277205
0.886224932518811,0.11377506748118896
0.886224932518811,0.11377506748118896
0.8151279600549927,0.18487203994500737
0.8343116053223799,0.16568839467762
0.8432400074275368,0.15675999257246326
0.886224932518811,0.11377506748118896
0.886224932518811,0.11377506748118896
0.886224932518811,0.11377506748118896
0.886224932518811,0.11377506748118896
0.886224932518811,0.11377506748118896
0.886224932518811,0.11377506748118896
0.886224932518811,0.11377506748118896
0.886224932518811,0.11377506748118896
0.886224932518811,0.11377506748118896
0.886224932518811,0.11377506748118896
0.9374779911277343,0.06252200887226568
0.886224932518811,0.11377506748118896
0.9374779911277343,0.06252200887226568
0.886224932518811,0.11377506748118896
0.886224932518811,0.11377506748118896
0.9870912834908193,0.012908716509180608
0.9870905653967594,0.012909434603240557
0.9876403221085748,0.012359677891425199
0.9870867566632698,0.012913243336730145
0.9876421147292741,0.012357885270725968
0.9374779911277343,0.06252200887226568
0.987281510754619,0.01271848924538106
0.9374779911277343,0.06252200887226568
0.9374779911277343,0.06252200887226568
0.9374779911277343,0.06252200887226568
0.9374779911277343,0.06252200887226568
0.9374779911277343,0.06252200887226568
0.9374779911277343,0.06252200887226568
0.9876278117831934,0.012372188216806732
0.9876277874386218,0.012372212561378201
0.9374779911277343,0.06252200887226568
0.9374779911277343,0.06252200887226568
0.9374779911277343,0.06252200887226568
0.9878781605746838,0.012121839425316147
0.9874838943243894,0.012516105675610631
0.9874868101910691,0.012513189808930854
0.9882961728473507,0.011703827152649317
0.9374779911277343,0.06252200887226568
0.9374779911277343,0.06252200887226568
0.9374779911277343,0.06252200887226568
0.9374779911277343,0.06252200887226568
0.9374779911277343,0.06252200887226568
0.9374779911277343,0.06252200887226568
0.9944156900588655,0.005584309941134508
0.9993733588171414,0.0006266411828586743
0.876487730158068,0.12351226984193195
0.9738296045774884,0.026170395422511653
0.8790992230434399,0.12090077695656005
0.9945957284445748,0.005404271555425269
0.9738312379442219,0.026168762055778085
0.9963363018365751,0.0036636981634250165
0.9999893369249144,1.0663075085597117e-05
0.9952110832291511,0.004788916770848892
0.9962695864549395,0.0037304135450606044
0.9952118037037968,0.004788196296203147
0.8796801331195321,0.12031986688046796
0.9963709080656165,0.00362909193438357
0.885578088621139,0.1144219113788611
0.9999307100090878,6.928999091213882e-05
0.999973181477015,2.6818522985063916e-05
1.0,5.642459598398211e-44
1.0,5.862127550796528e-45
1.0,2.5556127481608237e-48
0.8819102035521602,0.1180897964478399
1.0,2.423464705494478e-46
0.9425135934494647,0.057486406550535385
1.0,2.5089765891032765e-48
0.8847244388028275,0.11527556119717246
0.8815376000125555,0.11846239998744437
0.9956799591619566,0.004320040838043384
0.9966636794392579,0.0033363205607421713
0.9955791537892397,0.004420846210760226
0.8864518733150483,0.11354812668495172
0.8858583717286687,0.11414162827133141
0.9963447454039026,0.003655254596097376
1.0,2.3617866731483865e-51
0.9612598303554094,0.03874016964459048
0.9724346089621426,0.027565391037857462
0.9923746475457911,0.007625352454209013
0.9923763981401355,0.007623601859864529
0.9989247867416571,0.0010752132583430407
0.9989660915828168,0.0010339084171832583
0.9962872518532645,0.003712748146735464
0.9415738320600066,0.05842616793999353
0.8857523902218798,0.11424760977812017
0.9652233020404398,0.034776697959560156
0.9650232848096145,0.034976715190385525
0.8806372688731221,0.11936273112687795
0.8800759031360195,0.11992409686398048
0.9955689626879308,0.0044310373120692815
0.9966709002419394,0.003329099758060514
0.981694905193283,0.01830509480671706
0.9816996349292669,0.018300365070733078
0.9952114030285689,0.004788596971430979
0.9952118214538951,0.004788178546104827
0.9963863296009322,0.003613670399067736
0.8866883445907472,0.11331165540925292
0.8860872807611359,0.11391271923886416
0.9963808807502913,0.003619119249708661
0.9956549025842508,0.004345097415749139
0.8865861388711735,0.11341386112882644
0.8846960580885664,0.11530394191143356
0.9956742648273613,0.004325735172638739
0.9999701726137339,2.9827386266123525e-05
0.9999699579180858,3.004208191405659e-05
0.9956712633670738,0.004328736632926139
0.9966678531507756,0.0033321468492242988
0.884480412936562,0.11551958706343807
0.8873128977813689,0.11268710221863112
0.9964266157512521,0.003573384248747839
0.8863847774050939,0.11361522259490617
0.9966637841390275,0.0033362158609724726
0.8851456139886806,0.11485438601131927
0.9816405713210369,0.018359428678963
0.9771639048166608,0.022836095183339226
0.9939073346108361,0.006092665389163824
0.9927634654145321,0.007236534585467934
0.9997622644156047,0.00023773558439545446
0.9997615722646114,0.00023842773538849325
0.8819102035521602,0.1180897964478399
0.8819102035521602,0.1180897964478399
0.8819102035521602,0.1180897964478399
0.9425135156500717,0.057486484349928306
0.9424347319680895,0.05756526803191054
0.9956024641089742,0.004397535891025783
0.9050206905198487,0.09497930948015144
0.9962173120662942,0.003782687933705843
0.9052621276263612,0.09473787237363893
0.8819102035521602,0.1180897964478399
0.9043566751307418,0.09564332486925808
0.9869079682008316,0.013092031799168295
0.8819102035521602,0.1180897964478399
0.995637957899159,0.00436204210084106
0.9871310072656405,0.012868992734359453
0.9374779911277343,0.06252200887226568
0.8847147156911137,0.11528528430888624
0.9956830855236323,0.004316914476367775
0.8819102035521602,0.1180897964478399
0.9374779911277343,0.06252200887226568
0.9374779911277343,0.06252200887226568
0.9374779911277343,0.06252200887226568
0.9374779911277343,0.06252200887226568
0.9374779911277343,0.06252200887226568
0.9374779911277343,0.06252200887226568
0.9869500523222642,0.013049947677735882
0.9872762381981608,0.012723761801839276
0.9872762954035672,0.012723704596432723
0.9816756448466895,0.01832435515331041
0.9816790209592008,0.018320979040799164
0.9374779911277343,0.06252200887226568
0.9374779911277343,0.06252200887226568
0.9374779911277343,0.06252200887226568
0.9374779911277343,0.06252200887226568
0.9374779911277343,0.06252200887226568
0.9374779911277343,0.06252200887226568
0.9876499249175202,0.012350075082479796
0.9873532845258296,0.012646715474170449
0.9878823213837398,0.012117678616260338
0.9878897262449974,0.012110273755002624
0.9873493674484828,0.01265063255151712
0.9876232063396448,0.012376793660355202
0.9946724196027998,0.005327580397200228
0.9946732620985522,0.00532673790144769
0.9374779911277343,0.06252200887226568
0.9374779911277343,0.06252200887226568
0.9374779911277343,0.06252200887226568
0.9374779911277343,0.06252200887226568
0.9374779911277343,0.06252200887226568
0.9374779911277343,0.06252200887226568
0.8876323488783019,0.11236765112169807
0.9326512983295073,0.0673487016704926
0.9326512983295073,0.0673487016704926
0.996652157735912,0.0033478422640878702
0.8822830255339711,0.11771697446602883
0.9799467750545213,0.02005322494547858
0.995661398613139,0.004338601386861178
0.9991931411209211,0.0008068588790789156
0.8821453947117693,0.1178546052882306
0.8857523902218798,0.11424760977812017
0.9966699861315054,0.003330013868494635
0.8808076186198347,0.1191923813801653
0.9650578042156678,0.03494219578433221
0.9955326339745172,0.004467366025482751
0.9780271718581093,0.02197282814189062
0.9780303690224033,0.02196963097759678
0.9999033395819362,9.666041806362454e-05
0.9938128289544451,0.0061871710455548784
0.9938132353303534,0.006186764669646559
0.8841157898707719,0.11588421012922817
0.9955967410297815,0.004403258970218541
0.9999991611231042,8.38876895867893e-07
0.881810776421103,0.11818922357889701
0.9966664578925284,0.003333542107471529
0.9956443123112062,0.004355687688793848
0.8846957154827056,0.11530428451729438
0.8829086540382549,0.1170913459617451
0.9966701944180945,0.00332980558190547
0.9997588451588377,0.00024115484116222965
0.9997566086148376,0.00024339138516231171
0.9999999999997062,2.938631632887494e-13
0.9780052713607654,0.02199472863923447
0.9956085826247953,0.004391417375204632
0.9052210643373712,0.09477893566262889
0.9817011152957746,0.018298884704225242
0.9966618615354428,0.0033381384645572616
0.8819102035521602,0.1180897964478399
0.8852546481792057,0.11474535182079437
0.8832840223163572,0.11671597768364293
0.9946793573772134,0.005320642622786566
0.8850185268781154,0.11498147312188454
0.9946724494062155,0.005327550593784472
0.9966679112868602,0.0033320887131397486
0.9966690701134212,0.003330929886578877
0.9999133055935141,8.669440648587512e-05
0.9999136767385493,8.632326145062097e-05
0.9425192725381147,0.05748072746188526
0.8819102035521602,0.1180897964478399
0.9950603538498447,0.004939646150155294
0.882394220384616,0.11760577961538408
0.9425020002497366,0.05749799975026341
0.9957545753137061,0.004245424686293861
0.9963465846093592,0.003653415390640801
0.8857523902218798,0.11424760977812017
0.9644900723534725,0.03550992764652751
0.9742104427079761,0.02578955729202392
0.8857523902218798,0.11424760977812017
0.9652950807127401,0.03470491928725986
0.9966680543833167,0.0033319456166832745
0.9944147695213068,0.0055852304786932145
0.9644900723534725,0.03550992764652751
0.8856956832598248,0.11430431674017508
0.8819102035521602,0.1180897964478399
0.9966707536917431,0.0033292463082569192
0.9999471501589597,5.284984104028669e-05
0.9999993242036507,6.757963493439657e-07
0.8887481675702577,0.11125183242974232
0.8773342142380675,0.12266578576193259
0.9870935463172492,0.012906453682750793
0.9865162388945167,0.013483761105483189
0.8778346347153247,0.12216536528467532
0.8778064023379613,0.12219359766203886
0.877793389003953,0.1222066109960471
0.9374779911277343,0.06252200887226568
0.9374779911277343,0.06252200887226568
0.9374779911277343,0.06252200887226568
0.9957857943380424,0.004214205661957588
0.9374779911277343,0.06252200887226568
0.9374779911277343,0.06252200887226568
0.8820366000956762,0.11796339990432377
0.8894852323154698,0.1105147676845303
0.8856201289235859,0.11437987107641412
0.8798032858608176,0.12019671413918244
0.9963778388390755,0.0036221611609244054
0.9956362424977531,0.0043637575022468554
0.886663383773736,0.11333661622626408
0.9216092902681269,0.07839070973187313
0.9750444322336763,0.02495556776632363
0.9750364105050842,0.02496358949491591
0.9374779911277343,0.06252200887226568
0.9374779911277343,0.06252200887226568
0.9374779911277343,0.06252200887226568
0.9374779911277343,0.06252200887226568
0.9374779911277343,0.06252200887226568
0.9374779911277343,0.06252200887226568
0.9952063930869068,0.004793606913093174
0.9952049876144771,0.0047950123855229326
0.9869059196994155,0.01309408030058454
0.9869063242759232,0.013093675724076907
0.987042581591234,0.012957418408766052
0.8724427590611789,0.12755724093882115
0.8725275615510555,0.12747243844894451
0.9867188662042201,0.013281133795779929
0.9374779911277343,0.06252200887226568
0.9374779911277343,0.06252200887226568
0.9374779911277343,0.06252200887226568
0.9374779911277343,0.06252200887226568
0.9374779911277343,0.06252200887226568
0.9374779911277343,0.06252200887226568
0.9950781995249321,0.004921800475067846
0.999523336842189,0.00047666315781096227
0.9998606212151864,0.00013937878481361972
0.9999647551663768,3.5244833623062944e-05
0.9999979414952154,2.0585047846991735e-06
0.8872517214186717,0.11274827858132817
0.9963248300885849,0.0036751699114150674
0.9956851984560292,0.004314801543970662
0.8842083662806823,0.11579163371931755
0.995497866308312,0.004502133691687951
0.8817312466320747,0.11826875336792535
0.8836823438550849,0.11631765614491511
0.9954258511485745,0.004574148851425555
0.981675850724686,0.018324149275314033
0.9816776623531783,0.01832233764682165
0.9952105623851949,0.004789437614805039
0.9945544820898465,0.005445517910153387
0.9998908779484876,0.00010912205151226763
0.9999277700562662,7.222994373383562e-05
0.9966667985168057,0.003333201483194295
0.9048456834728791,0.09515431652712102
0.7010973115050151,0.2989026884949849
0.7931792014324555,0.20682079856754457
0.8819102035521602,0.1180897964478399
0.886224932518811,0.11377506748118896
0.886224932518811,0.11377506748118896
0.9037715814816086,0.0962284185183914
0.886224932518811,0.11377506748118896
0.9957187896062831,0.0042812103937167655
0.9962554183010502,0.003744581698949872
0.886224932518811,0.11377506748118896
0.886224932518811,0.11377506748118896
0.8819102035521602,0.1180897964478399
0.886224932518811,0.11377506748118896
0.8821682420253009,0.1178317579746991
0.8863625419754259,0.11363745802457415
0.9956584780423681,0.004341521957632071
0.7308118202544089,0.269188179745591
0.7523952676740863,0.24760473232591376
0.9952023193951078,0.004797680604892091
0.9816896393808006,0.01831036061919933
0.9817007452151656,0.018299254784834445
0.83296657697373,0.16703342302626994
0.7672471515020626,0.2327528484979374
0.7871181672196979,0.21288183278030212
0.886224932518811,0.11377506748118896
0.9943350908744506,0.005664909125549319
0.9943360316666942,0.0056639683333057035
0.9994754589237024,0.0005245410762977045
0.9425003661323355,0.05749963386766456
0.9425030118243696,0.05749698817563041
0.9998175255903109,0.00018247440968915686
0.8830726732617864,0.11692732673821354
0.9964074684883732,0.0035925315116267513
0.9998156126967294,0.00018438730327053916
0.8857523902218798,0.11424760977812017
0.9966680266408002,0.003331973359199916
0.9999992366647061,7.633352937491272e-07
0.9966670782811186,0.0033329217188815567
0.8857523902218798,0.11424760977812017
0.8857523902218798,0.11424760977812017
0.996371051139292,0.003628948860707946
0.8819102035521602,0.1180897964478399
0.8819102035521602,0.1180897964478399
0.9946708003886167,0.005329199611383288
0.9688126335973495,0.03118736640265055
0.9688190649705087,0.03118093502949127
0.9941593476455,0.005840652354500096
0.9940912215369162,0.005908778463083675
0.8838527550556845,0.1161472449443156
0.9940403344053298,0.005959665594670128
0.9966696570781152,0.0033303429218847504
0.9995233311560744,0.00047666884392558336
0.8849014400418216,0.11509855995817843
0.9947220323426972,0.005277967657302782
0.9999770448995169,2.295510048316893e-05
0.999978043660802,2.195633919792413e-05
0.8845012378159706,0.11549876218402941
0.9966692891141069,0.003330710885893157
0.8856672699567786,0.1143327300432214
0.9956703496871134,0.004329650312886547
0.9644900723534725,0.03550992764652751
0.9864927721584218,0.013507227841578194
0.9869576969534553,0.013042303046544705
0.9870385149240138,0.012961485075986023
0.9872584922784464,0.012741507721553713
0.9995204729388385,0.0004795270611614345
0.9374779911277343,0.06252200887226568
0.9374779911277343,0.06252200887226568
0.9374779911277343,0.06252200887226568
0.9869675815080179,0.013032418491982051
0.9866708820434725,0.01332911795652745
0.9866709232180916,0.013329076781908476
0.9374779911277343,0.06252200887226568
0.9374779911277343,0.06252200887226568
0.9374779911277343,0.06252200887226568
0.9326512983295073,0.0673487016704926
0.9326512983295073,0.0673487016704926
0.9952116358365614,0.004788364163438643
0.8875710160463717,0.11242898395362837
0.9957440819454537,0.004255918054546232
0.9952110178822077,0.004788982117792218
0.9866264302644501,0.013373569735549968
0.8873068243474924,0.11269317565250767
0.9869579277628199,0.013042072237180197
0.9957820029248452,0.004217997075154741
0.9871015645937596,0.01289843540624038
0.9868169900316027,0.013183009968397202
0.9871022241064334,0.012897775893566634
0.8860163629773355,0.11398363702266442
0.9871447827401751,0.01285521725982489
0.9957437057480123,0.004256294251987733
0.9374779911277343,0.06252200887226568
0.9374779911277343,0.06252200887226568
0.9374779911277343,0.06252200887226568
0.9374779911277343,0.06252200887226568
0.9374779911277343,0.06252200887226568
0.9374779911277343,0.06252200887226568
0.9374779911277343,0.06252200887226568
0.9374779911277343,0.06252200887226568
0.8841788483494941,0.11582115165050581
0.9374779911277343,0.06252200887226568
0.9374779911277343,0.06252200887226568
0.9374779911277343,0.06252200887226568
0.9966693102463792,0.0033306897536208237
0.9374779911277343,0.06252200887226568
0.9998192737052275,0.00018072629477264605
0.9999576283559872,4.237164401278271e-05
0.9788269303567501,0.021173069643249994
0.8819102035521602,0.1180897964478399
0.8819102035521602,0.1180897964478399
0.9941995645945687,0.005800435405431283
0.9424383152427808,0.05756168475721915
0.9425235509555462,0.05747644904445374
0.9954751846075586,0.004524815392441382
0.8857523902218798,0.11424760977812017
0.965233946688917,0.03476605331108304
0.9051431759861399,0.09485682401386017
0.9930575220339798,0.006942477966020174
0.9966569263351881,0.0033430736648118824
0.8814283632682314,0.11857163673176871
0.8819102035521602,0.1180897964478399
0.9750877840292385,0.024912215970761462
0.9816770447723031,0.018322955227696888
0.884282638634938,0.11571736136506201
0.996648510310552,0.0033514896894480217
0.9952072215486526,0.004792778451347447
0.9999474062924983,5.259370750162281e-05
0.9952066857960852,0.00479331420391488
0.9994939078394153,0.0005060921605847216
0.9994598155992377,0.0005401844007623377
0.8829940304327817,0.11700596956721825
0.9956815343355956,0.004318465664404534
0.8827708802427849,0.11722911975721509
0.9734221181589078,0.026577881841092187
0.9832062653709164,0.01679373462908361
0.9649772847208984,0.03502271527910161
0.9966689462869545,0.0033310537130456564
0.8762496356777287,0.12375036432227132
0.9326512983295073,0.0673487016704926
0.9326512983295073,0.0673487016704926
0.9946240227677414,0.005375977232258596
0.9946244637537219,0.005375536246278158
0.8827444006431067,0.11725559935689338
0.9964087758677529,0.0035912241322471894
0.8854345052524275,0.11456549474757245
0.9963012264613346,0.003698773538665399
0.8853297104169001,0.11467028958309991
0.9956604777230948,0.0043395222769050815
0.8865362689800982,0.11346373101990179
0.9998119375813197,0.00018806241868038262
0.9956463026218811,0.004353697378118812
0.9998113146171613,0.0001886853828387506
0.981681038100917,0.018318961899083035
0.977598473403588,0.022401526596412032
0.9999999999998104,1.8958485376835243e-13
0.9999999999997555,2.444372279760918e-13
0.9992273173025789,0.0007726826974210373
0.9993434485244987,0.0006565514755012881
0.999999999999724,2.760226572240461e-13
0.9999099495404257,9.005045957430664e-05
0.9999999999972253,2.7747613938068472e-12
0.9999099275491221,9.007245087786022e-05
0.99999999999967,3.2996663750441023e-13
0.9999799412876845,2.0058712315556298e-05
0.9999117466838087,8.825331619126621e-05
0.999977608137167,2.2391862832963992e-05
0.9038005653391236,0.09619943466087638
0.9946758505617048,0.005324149438295307
0.9999138188844805,8.618111551954018e-05
0.9932657729687199,0.006734227031280122
0.9999802384901479,1.9761509852100236e-05
0.9966591132943742,0.0033408867056257566
0.9999155426835182,8.445731648174236e-05
0.9999155415057399,8.445849426004032e-05
0.9999156047219964,8.439527800356225e-05
0.9966632209749378,0.0033367790250622637
0.8822870246528557,0.1177129753471444
0.992955659499997,0.00704434050000303
0.992955659499997,0.00704434050000303
0.992955659499997,0.00704434050000303
0.9966609755439618,0.0033390244560380883
0.8827759139014282,0.11722408609857184
0.9930853460592618,0.006914653940738345
0.9930853460592618,0.006914653940738345
0.9930853460592618,0.006914653940738345
0.8833523293888739,0.11664767061112606
0.996666180537946,0.0033338194620539155
0.9999999999197771,8.022296656150326e-11
0.9999999999909992,9.0008422724095e-12
0.9999999999525033,4.749671624368181e-11
0.9999999999997806,2.194398176754197e-13
0.9999999916044989,8.395501150250105e-09
0.9999999998706284,1.2937172938654292e-10
0.999437272303472,0.0005627276965279033
0.9995884930912813,0.0004115069087188372
0.9995101964490753,0.0004898035509246271
0.9994375708913986,0.0005624291086014844
0.9999548901862507,4.5109813749324765e-05
0.9999549846192187,4.5015380781419174e-05
0.9995253683782397,0.0004746316217603843
0.9999823034277308,1.769657226934154e-05
0.9991453184150834,0.000854681584916625
0.9999085304873042,9.14695126958019e-05
0.999297879125981,0.0007021208740189451
0.999144896097129,0.0008551039028708881
0.9374779911277343,0.06252200887226568
0.9991448413369458,0.0008551586630542755
0.9374779911277343,0.06252200887226568
0.9991065197765199,0.0008934802234801233
0.9999096434359622,9.035656403776327e-05
0.9999080529977373,9.194700226267395e-05
0.9999114190371495,8.858096285049991e-05
0.9999114269526067,8.857304739316556e-05
0.8821872177321465,0.11781278226785341
0.9991231533286504,0.0008768466713496762
0.9865204028460496,0.0134795971539504
0.9989947289437915,0.0010052710562085492
0.9374779911277343,0.06252200887226568
0.9930853460592618,0.006914653940738345
0.9930853460592618,0.006914653940738345
0.9930853460592618,0.006914653940738345
0.9930853460592618,0.006914653940738345
0.9374779911277343,0.06252200887226568
0.8819102035521602,0.1180897964478399
0.9374779911277343,0.06252200887226568
0.9930853460592618,0.006914653940738345
0.9374779911277343,0.06252200887226568
0.9930853460592618,0.006914653940738345
0.9374779911277343,0.06252200887226568
0.9374779911277343,0.06252200887226568
0.9374779911277343,0.06252200887226568
0.9425027005724163,0.05749729942758375
0.8819102035521602,0.1180897964478399
0.9374779911277343,0.06252200887226568
0.8804398910523747,0.11956010894762534
0.9866701221620705,0.013329877837929431
0.8819102035521602,0.1180897964478399
0.942508614088993,0.05749138591100692
0.8803191211222986,0.11968087887770139
0.9963832055121942,0.0036167944878058925
0.8857523902218798,0.11424760977812017
0.9748719149760925,0.02512808502390756
0.9424469609780275,0.057553039021972556
0.981645603530224,0.018354396469776064
0.965073011200937,0.034926988799062954
0.9047549631530812,0.09524503684691872
0.9966653615249731,0.003334638475027
0.8819102035521602,0.1180897964478399
0.9050016436093615,0.09499835639063837
0.9966689316605906,0.003331068339409427
0.9366503391701667,0.06334966082983325
0.9934068773386967,0.006593122661303289
0.8819102035521602,0.1180897964478399
0.9934882439198559,0.006511756080144116
0.9048956381106383,0.09510436188936154
0.9955633175588131,0.004436682441186768
0.9867546327138979,0.013245367286102287
0.8726659941858989,0.12733400581410106
0.8716801837589914,0.1283198162410086
0.9867570653403319,0.013242934659668117
0.986758973192953,0.013241026807046885
0.8726525128302794,0.12734748716972058
0.9374779911277343,0.06252200887226568
0.9374779911277343,0.06252200887226568
0.9374779911277343,0.06252200887226568
0.9374779911277343,0.06252200887226568
0.9374779911277343,0.06252200887226568
0.9958067231022723,0.004193276897727649
0.9374779911277343,0.06252200887226568
0.9374779911277343,0.06252200887226568
0.9374779911277343,0.06252200887226568
0.9374779911277343,0.06252200887226568
0.9374779911277343,0.06252200887226568
0.9374779911277343,0.06252200887226568
0.9374779911277343,0.06252200887226568
0.9990620125298768,0.0009379874701230505
0.9998670676378167,0.00013293236218331185
0.8852265988436323,0.11477340115636764
0.9955814863968242,0.004418513603175817
0.9946777267085521,0.005322273291448006
0.9957530029944123,0.004246997005587699
0.9947161877315928,0.005283812268407358
0.8775776863569361,0.1224223136430639
0.8819102035521602,0.1180897964478399
0.9966558196570242,0.003344180342975946
0.8857523902218798,0.11424760977812017
0.9425043346275207,0.05749566537247925
0.9950333231456361,0.004966676854363777
0.9646100399462031,0.03538996005379686
0.8857523902218798,0.11424760977812017
0.9816999227875143,0.018300077212485635
0.9817000872759464,0.01829991272405356
0.9956811690562705,0.004318830943729485
0.8819102035521602,0.1180897964478399
0.9951976227941357,0.0048023772058643855
0.9995230746904712,0.00047692530952882196
0.9946706436411326,0.0053293563588674734
0.9999620563005924,3.79436994076866e-05
0.9947114955118123,0.005288504488187827
0.8846043703923887,0.11539562960761122
0.9999127512293529,8.724877064709735e-05
0.9957855645801148,0.004214435419885147
0.9966528947323482,0.003347105267651866
0.9999654640189122,3.4535981087924335e-05
0.8799546274766425,0.12004537252335741
0.8809118522424523,0.11908814775754774
0.9957807478106772,0.004219252189322829
0.9647890409988022,0.035210959001197834
0.9816639060479584,0.018336093952041617
0.9816953576546917,0.018304642345308257
0.981669508640575,0.01833049135942492
0.9816634116208814,0.018336588379118567
0.9772600298409679,0.02273997015903195
0.9326512983295073,0.0673487016704926
0.9326512983295073,0.0673487016704926
0.8819102035521602,0.1180897964478399
0.9366503391701667,0.06334966082983325
0.9366503391701667,0.06334966082983325
0.9044161044714358,0.09558389552856417
0.9957064999771643,0.0042935000228357875
0.8819102035521602,0.1180897964478399
0.9964131023415139,0.0035868976584860868
0.9045714646923327,0.09542853530766728
0.8827436307647382,0.11725636923526192
0.8819102035521602,0.1180897964478399
0.9956396626879532,0.004360337312046798
0.9955948133941522,0.004405186605847807
0.9997694251166902,0.00023057488330978842
0.8856087250843586,0.11439127491564145
0.9991687370636314,0.0008312629363687152
0.9985239969840894,0.0014760030159104898
0.9816855655844716,0.018314434415528276
0.9773816014155402,0.022618398584459676
0.942503478699333,0.057496521300666896
0.9938663705899415,0.006133629410058583
0.8819102035521602,0.1180897964478399
0.9943575101449778,0.005642489855022304
0.9425020002497366,0.05749799975026341
0.9945625349355696,0.005437465064430361
0.8857523902218798,0.11424760977812017
0.9957678386390468,0.004232161360953123
0.9644074736750406,0.0355925263249594
0.8857523902218798,0.11424760977812017
0.8829743617720586,0.11702563822794138
0.9956625509589103,0.004337449041089604
0.9651363320809253,0.03486366791907476
0.8839779979381173,0.11602200206188275
0.995693252621738,0.004306747378261939
0.828875548335502,0.17112445166449797
0.7630786400439724,0.2369213599560276
0.9104948707677547,0.08950512923224524
0.9105196774338421,0.08948032256615802
0.9999462221158558,5.3777884144210844e-05
0.9998224480118141,0.0001775519881858687
0.886224932518811,0.11377506748118896
0.9374779911277343,0.06252200887226568
0.886224932518811,0.11377506748118896
0.815361025302842,0.1846389746971579
0.7904454676309374,0.20955453236906274
0.9374779911277343,0.06252200887226568
0.9374779911277343,0.06252200887226568
0.9374779911277343,0.06252200887226568
0.8775444330735346,0.12245556692646538
0.8775060555981429,0.12249394440185703
0.8771700577107673,0.12282994228923283
0.8745469084006239,0.12545309159937604
0.8745391229578036,0.12546087704219633
0.9869130127120017,0.013086987287998397
0.972369064534302,0.0276309354656978
0.9723856031172263,0.027614396882773767
0.8856981628276154,0.11430183717238461
0.9963303673245545,0.0036696326754455375
0.8844794501438223,0.11552054985617762
0.9966622550789008,0.0033377449210991684
0.9943477489606762,0.0056522510393236785
0.9933628418786082,0.0066371581213916665
0.9956485839372516,0.004351416062748393
0.8842252779701013,0.11577472202989868
0.8044158097228961,0.195584190277104
0.7743362704140908,0.22566372958590916
0.6264723129873745,0.37352768701262545
0.7481335223058315,0.2518664776941685
0.6708020194601945,0.32919798053980553
0.6734618577658182,0.3265381422341818
0.8852838747696814,0.11471612523031866
0.9966710588614813,0.0033289411385187266
0.9374779911277343,0.06252200887226568
0.9374779911277343,0.06252200887226568
0.9374779911277343,0.06252200887226568
0.9374779911277343,0.06252200887226568
0.9374779911277343,0.06252200887226568
0.9374779911277343,0.06252200887226568
0.9867684675120696,0.013231532487930502
0.9870041729973545,0.012995827002645444
0.9870153214366807,0.01298467856331932
0.9867684229186044,0.013231577081395692
0.9867687239216169,0.013231276078383095
0.9872204389140409,0.012779561085959231
0.9374779911277343,0.06252200887226568
0.9374779911277343,0.06252200887226568
0.9374779911277343,0.06252200887226568
0.9374779911277343,0.06252200887226568
0.9374779911277343,0.06252200887226568
0.9374779911277343,0.06252200887226568
0.999752700399261,0.00024729960073903624
0.998961209131082,0.0010387908689180095
0.9039680439682277,0.09603195603177239
0.9816979899397498,0.01830201006025019
0.9945246636441254,0.005475336355874679
0.9724501282530942,0.027549871746905746
0.9963467424974883,0.0036532575025116356
0.8826372272756915,0.11736277272430844
0.9966480581236133,0.003351941876386738
0.8860355833237891,0.11396441667621095
0.9942122154087829,0.00578778459121717
0.9934773580850401,0.006522641914959829
0.8843834580781496,0.1156165419218505
0.9957458772629945,0.004254122737005464
0.8819102035521602,0.1180897964478399
0.8819102035521602,0.1180897964478399
0.9424694653259152,0.05753053467408477
0.9999090711941452,9.092880585485443e-05
0.9999093972654102,9.06027345898066e-05
0.942504412438581,0.05749558756141911
0.8819102035521602,0.1180897964478399
0.9966669698987518,0.003333030101248139
0.9038045286182179,0.0961954713817821
0.9037649851939302,0.09623501480606982
0.995672240005587,0.004327759994413014
0.9326512983295073,0.0673487016704926
0.9326512983295073,0.0673487016704926
0.8819102035521602,0.1180897964478399
0.8819102035521602,0.1180897964478399
0.9046798751565016,0.09532012484349844
0.9966562793504363,0.0033437206495635563
0.8819102035521602,0.1180897964478399
0.8826287579362485,0.11737124206375142
0.9966692671559874,0.003330732844012535
0.9946894603110157,0.005310539688984244
0.9776557886707896,0.022344211329210353
0.9946891310515463,0.005310868948453651
0.9957714145648218,0.004228585435178287
0.9951009381402087,0.004899061859791415
0.9994688646875661,0.0005311353124338001
0.9998474259735635,0.0001525740264365695
0.9998474631698893,0.00015253683011068415
0.9425192725381147,0.05748072746188526
0.996656862472555,0.0033431375274449696
0.8819102035521602,0.1180897964478399
0.8795259213648106,0.12047407863518948
0.9424996657829567,0.057500334217043245
0.9415737061362044,0.05842629386379556
0.8809943250629785,0.11900567493702158
0.9966650465729037,0.0033349534270962792
0.9998671975518946,0.00013280244810541788
0.8868917034591728,0.11310829654082723
0.9212706542979607,0.07872934570203935
0.9816810792648051,0.018318920735194942
0.882311837713913,0.11768816228608692
0.9966618305894794,0.003338169410520617
0.976123983161691,0.023876016838308957
0.9945357188686331,0.005464281131366762
0.9999992869888573,7.130111427106224e-07
0.9945398719180776,0.005460128081922494
0.9374779911277343,0.06252200887226568
0.9374779911277343,0.06252200887226568
0.986665636868471,0.013334363131529149
0.9946923909279821,0.005307609072017845
0.8793008288133415,0.12069917118665859
0.9946902614933658,0.005309738506634277
0.9945303181074548,0.005469681892545286
0.9374779911277343,0.06252200887226568
0.9374779911277343,0.06252200887226568
0.9326512983295073,0.0673487016704926
0.9326512983295073,0.0673487016704926
0.9374779911277343,0.06252200887226568
0.9374779911277343,0.06252200887226568
0.9374779911277343,0.06252200887226568
0.9966663058006636,0.0033336941993362865
0.8827336999060895,0.11726630009391045
0.9873499398003628,0.012650060199637301
0.9873417040036606,0.012658295996339502
0.8828647953178117,0.11713520468218838
0.9374779911277343,0.06252200887226568
0.9962997196319073,0.0037002803680926868
0.9374779911277343,0.06252200887226568
0.9966612254742161,0.0033387745257839555
0.8841758350823579,0.11582416491764218
0.9374779911277343,0.06252200887226568
0.9374779911277343,0.06252200887226568
0.9769259553695373,0.02307404463046279
0.973513326995339,0.026486673004661083
0.9945340220795513,0.005465977920448665
0.9945351205124884,0.005464879487511712
0.9865622179296234,0.013437782070376577
0.8813139426999546,0.11868605730004554
0.8813160975400489,0.11868390245995109
0.8813996313435964,0.11860036865640361
0.9867258802413496,0.013274119758650336
0.8755031126841825,0.1244968873158176
0.9874434745712036,0.012556525428796426
0.9870954244559164,0.012904575544083677
0.9874429416885141,0.012557058311485889
0.9870995133691125,0.012900486630887466
0.9871582117216385,0.012841788278361427
0.9871582117216385,0.012841788278361427
0.9043395671452087,0.09566043285479131
0.9966696569975405,0.003330343002459421
0.9976108605221468,0.0023891394778532567
0.9831413833178425,0.016858616682157435
0.999406025590674,0.0005939744093259494
0.8827504232093187,0.1172495767906813
0.9966504881650923,0.0033495118349077496
0.996670178933006,0.0033298210669939587
0.9326512983295073,0.0673487016704926
0.885224018682865,0.11477598131713494
0.9326512983295073,0.0673487016704926
0.9966432540407357,0.0033567459592643506
0.8829338563821332,0.11706614361786691
0.9774511258048847,0.022548874195115337
0.977431037767489,0.022568962232511158
0.9958286199300188,0.004171380069981178
0.9326512983295073,0.0673487016704926
0.9326512983295073,0.0673487016704926
0.9326512983295073,0.0673487016704926
0.8819102035521602,0.1180897964478399
0.9425055017830404,0.05749449821695966
0.9994307244139343,0.0005692755860656327
0.8819102035521602,0.1180897964478399
0.8857523902218798,0.11424760977812017
0.9425189613688181,0.05748103863118192
0.9966509214384865,0.0033490785615134435
0.8819102035521602,0.1180897964478399
0.9966678429961234,0.0033321570038766365
0.8857523902218798,0.11424760977812017
0.8821432632963071,0.1178567367036928
0.9957936973856971,0.004206302614302912
0.9955064076604545,0.00449359233954555
0.9326512983295073,0.0673487016704926
0.9956788500611856,0.004321149938814431
0.9326512983295073,0.0673487016704926
0.8873448615413614,0.11265513845863867
0.996939901048651,0.0030600989513489465
0.9927969944622126,0.007203005537787424
0.9999992814148936,7.185851064155651e-07
0.9326512983295073,0.0673487016704926
0.9326512983295073,0.0673487016704926
0.9326512983295073,0.0673487016704926
0.9326512983295073,0.0673487016704926
0.9939011045020131,0.006098895497986832
0.9952101760605442,0.004789823939455835
0.9831562944064424,0.016843705593557613
0.9762186405207471,0.023781359479252823
0.9216092902681269,0.07839070973187313
0.9966600537913638,0.003339946208636317
0.9966705158378367,0.003329484162163181
0.8857523902218798,0.11424760977812017
0.8857523902218798,0.11424760977812017
0.8861725996827317,0.11382740031726829
0.9649599957902684,0.03504000420973166
0.9841290512118112,0.015870948788188708
0.9652615723879301,0.034738427612069855
0.8857523902218798,0.11424760977812017
0.9366503391701667,0.06334966082983325
0.9966695163336176,0.003330483666382435
0.9651279260871628,0.03487207391283721
0.9990528807715996,0.0009471192284003136
0.9990526353122305,0.0009473646877693767
0.9986535900342427,0.001346409965757421
0.9729190168160172,0.027080983183982662
0.9958255095108974,0.004174490489102447
0.9729092449410194,0.0270907550589805
0.8854859434664163,0.11451405653358368
0.8860263880179869,0.11397361198201307
0.9966683327425363,0.003331667257463741
0.9957764986849237,0.004223501315076379
0.8824484786945851,0.11755152130541496
0.9955950509372452,0.0044049490627548465
0.9938228117834834,0.006177188216516517
0.9993643222810439,0.0006356777189561357
0.9944192857985548,0.005580714201445249
0.9962821480396176,0.0037178519603823686
0.8801838025665838,0.11981619743341625
0.9374779911277343,0.06252200887226568
0.9374779911277343,0.06252200887226568
0.9326512983295073,0.0673487016704926
0.9999982065856714,1.7934143286387354e-06
0.986508585272912,0.013491414727088051
0.9864946151825457,0.013505384817454207
0.9817001695196182,0.018299830480381626
0.9966547139910928,0.0033452860089071786
0.884142941881807,0.11585705811819313
0.8816292925404426,0.1183707074595574
0.9374779911277343,0.06252200887226568
0.9966496134652333,0.0033503865347667885
0.8826659330670114,0.11733406693298858
0.9957446636312065,0.004255336368793639
0.9785329266644941,0.021467073335505987
0.9991751354785504,0.0008248645214494607
0.9374779911277343,0.06252200887226568
0.9870570722708125,0.012942927729187507
0.9867400835544273,0.013259916445572615
0.9870567922863094,0.012943207713690593
0.9326512983295073,0.0673487016704926
0.9877552773071997,0.01224472269280037
0.9326512983295073,0.0673487016704926
0.9876881206296074,0.0123118793703926
0.9874764098941057,0.012523590105894345
0.9948545373623064,0.005145462637693592
0.8796960598335769,0.12030394016642305
0.9953781720098422,0.0046218279901576
0.9945527546530779,0.0054472453469221185
0.9945533977544015,0.005446602245598573
0.9994471489896317,0.0005528510103683149
0.9874543708289695,0.012545629171030538
0.9874537044112784,0.012546295588721444
0.9878421470354716,0.012157852964528364
0.9878423726402202,0.012157627359779715
0.9881516555278937,0.011848344472106297
0.9954253666394961,0.004574633360503955
0.9881517388353008,0.011848261164699227
0.8857523902218798,0.11424760977812017
0.9966593122126912,0.0033406877873087128
0.9966690239819244,0.0033309760180756398
0.8814264017687498,0.1185735982312502
0.9875942060979991,0.012405793902000896
0.9870534574659151,0.012946542534084926
0.9870547049407381,0.012945295059261858
0.9875947465900289,0.012405253409971213
0.9872655577931257,0.012734442206874336
0.9876040359299333,0.012395964070066701
0.9649300653470814,0.03506993465291867
0.8860893508611393,0.11391064913886079
0.9955008385145316,0.0044991614854684074
0.9052725504800021,0.09472744951999784
0.8819102035521602,0.1180897964478399
0.9999104536714349,8.954632856505997e-05
0.9999106285290483,8.937147095165919e-05
0.9887857357611048,0.011214264238895088
0.980777120062994,0.019222879937005936
0.9745697204892987,0.0254302795107012
0.9998265162226392,0.00017348377736097176
0.9746665481038755,0.025333451896124504
0.9974540923807931,0.0025459076192068785
0.9957652579930364,0.004234742006963732
0.9934770985123568,0.006522901487643259
0.9942905098136424,0.005709490186357692
0.8824747000726946,0.11752529992730537
0.9946151374044383,0.005384862595561675
0.8819102035521602,0.1180897964478399
0.8815770141441258,0.11842298585587419
0.8828137149327868,0.11718628506721315
0.9956772917113536,0.0043227082886465144
0.9966672523659563,0.0033327476340435217
0.9425085362832724,0.057491463716727635
0.8857523902218798,0.11424760977812017
0.7936646778311797,0.20633532216882036
0.7580424584469255,0.24195754155307453
0.9956088187889465,0.004391181211053562
0.8819102035521602,0.1180897964478399
0.7825022364856474,0.21749776351435257
0.7508791847730357,0.2491208152269642
0.7800905693593212,0.21990943064067883
0.9999873097087725,1.2690291227527066e-05
0.9998406161429776,0.00015938385702242333
0.999918657262807,8.134273719302648e-05
0.9997559650270114,0.0002440349729886592
0.9591116119394312,0.04088838806056878
0.9590541226637402,0.040945877336259824
0.9819000112222066,0.01809998877779335
0.9966674337285889,0.003332566271411198
0.9955481366856048,0.00445186331439518
0.9940692585254656,0.005930741474534284
0.9931551209151985,0.006844879084801447
0.8859937255445013,0.1140062744554988
0.8864686283692087,0.11353137163079126
0.8814495679391589,0.11855043206084119
0.9966306260880884,0.003369373911911606
0.9557740633548318,0.04422593664516809
0.6724063232755221,0.3275936767244779
0.9956952641406669,0.00430473585933308
0.8818819888135307,0.11811801118646935
0.8940007188734256,0.10599928112657434
0.6788888034837558,0.32111119651624426
0.7217690612800987,0.2782309387199014
0.6113571390519968,0.3886428609480031
0.8940007188734256,0.10599928112657434
0.6787595490308992,0.3212404509691008
0.7619146488001467,0.23808535119985325
0.6811709143742802,0.31882908562571977
0.9394214449478204,0.06057855505217957
0.9547546628645195,0.04524533713548041
0.9539617306288978,0.04603826937110223
0.6604724418867295,0.3395275581132705
0.8940007188734256,0.10599928112657434
0.8940007188734256,0.10599928112657434
0.8940007188734256,0.10599928112657434
0.9159933144660025,0.08400668553399752
0.9610404057637336,0.0389595942362664
0.9994574540247896,0.0005425459752104613
0.9996780420556155,0.0003219579443846285
0.9677590846346174,0.03224091536538274
0.9956609637509005,0.004339036249099452
0.9956548312096981,0.004345168790301849
0.8821875548701037,0.11781244512989628
0.8860131263777261,0.11398687362227392
0.9966566962218637,0.0033433037781363507
0.8842178374802353,0.11578216251976464
0.9679154583172354,0.03208454168276454
0.967899958136151,0.032100041863849016
0.8855758741388522,0.11442412586114782
0.9966413512434636,0.003358648756536259
0.8940007188734256,0.10599928112657434
0.8940007188734256,0.10599928112657434
0.8940007188734256,0.10599928112657434
0.8940007188734256,0.10599928112657434
0.8940007188734256,0.10599928112657434
0.8940007188734256,0.10599928112657434
0.9542894927548065,0.04571050724519358
0.9563886862576975,0.043611313742302586
0.9544052876967961,0.0455947123032038
0.6478441159512833,0.3521558840487166
0.6477798805767957,0.3522201194232043
0.9554717579019429,0.04452824209805696
0.9935755120904549,0.006424487909545079
0.9703772977221882,0.029622702277811913
0.9936642781757001,0.006335721824299871
0.9470074937516739,0.05299250624832612
0.9603426459493855,0.03965735405061444
0.9957260756412843,0.004273924358715776
0.9043199343872002,0.09568006561279986
0.9966604794145604,0.003339520585439615
0.8857523902218798,0.11424760977812017
0.8940007188734256,0.10599928112657434
0.8857523902218798,0.11424760977812017
0.8819102035521602,0.1180897964478399
0.8819102035521602,0.1180897964478399
0.9963386740895709,0.0036613259104290117
0.8819102035521602,0.1180897964478399
0.9962756334916495,0.0037243665083504973
0.8807072355399403,0.11929276446005968
0.9374779911277343,0.06252200887226568
0.9374779911277343,0.06252200887226568
0.987265554214817,0.0127344457851831
0.9872048166010622,0.012795183398937812
0.9374779911277343,0.06252200887226568
0.9374779911277343,0.06252200887226568
0.9997947370815394,0.00020526291846058103
0.9999319614550305,6.803854496944327e-05
0.9816913673893635,0.018308632610636588
0.9816871293690409,0.01831287063095921
0.9374779911277343,0.06252200887226568
0.9374779911277343,0.06252200887226568
0.9374779911277343,0.06252200887226568
0.8876323488783019,0.11236765112169807
0.987956382538263,0.012043617461736938
0.9374779911277343,0.06252200887226568
0.9374779911277343,0.06252200887226568
0.9374779911277343,0.06252200887226568
0.9374779911277343,0.06252200887226568
0.883997264363382,0.11600273563661809
0.996216279466608,0.0037837205333920297
0.9957200135398772,0.004279986460122788
0.8814459821470535,0.11855401785294649
0.983253490015532,0.01674650998446807
0.8842173809749259,0.11578261902507415
0.9216092902681269,0.07839070973187313
0.9944322546958199,0.005567745304180222
0.9958275168039732,0.004172483196026679
0.8861816768822997,0.11381832311770025
0.9952048812273364,0.004795118772663602
0.9953903840133066,0.004609615986693253
0.9374779911277343,0.06252200887226568
0.9994755973437752,0.0005244026562248404
0.9374779911277343,0.06252200887226568
0.9374779911277343,0.06252200887226568
0.9374779911277343,0.06252200887226568
0.9374779911277343,0.06252200887226568
0.9374779911277343,0.06252200887226568
0.9374779911277343,0.06252200887226568
0.9374779911277343,0.06252200887226568
0.9374779911277343,0.06252200887226568
0.9374779911277343,0.06252200887226568
0.9374779911277343,0.06252200887226568
0.9374779911277343,0.06252200887226568
0.9873676842347594,0.01263231576524059
0.9878979977779884,0.012102002222011648
0.9885314928648007,0.011468507135199254
0.988157399050792,0.011842600949208009
0.9876817852967847,0.012318214703215249
0.9876854068701538,0.01231459312984623
0.9957520130257368,0.004247986974263313
0.9820047051430424,0.01799529485695751
0.8836784668531582,0.11632153314684188
0.8827984851354304,0.11720151486456973
0.9955567344900819,0.004443265509918228
0.8806239901146926,0.11937600988530733
0.8857753169245839,0.11422468307541617
0.9962803624755572,0.0037196375244428195
0.9999103352915505,8.966470844954633e-05
0.9996729487696584,0.0003270512303415631
0.9955131961962096,0.004486803803790513
0.9778187154210534,0.022181284578946615
0.971806135334132,0.0281938646658681
0.9762504086653173,0.02374959133468265
0.9999976179470617,2.3820529383366374e-06
0.9956364182522289,0.004363581747770991
0.9945238673906379,0.005476132609362206
0.9937735680622315,0.006226431937768648
0.9966496854208237,0.003350314579176439
0.8838565690972419,0.11614343090275812
0.9957377538105446,0.004262246189455276
0.8812711763396354,0.11872882366036465
0.9966446996468022,0.0033553003531977383
0.9965586429610833,0.0034413570389166775
0.8852612725230065,0.11473872747699357
0.8865183869807669,0.11348161301923304
0.999777158530645,0.00022284146935499719
0.9816886930225761,0.018311306977423853
0.9741814418785675,0.02581855812143254
1.0,4.357316951946824e-46
0.9366503391701667,0.06334966082983325
0.9999892558497189,1.0744150281134902e-05
0.8819102035521602,0.1180897964478399
0.9997533299404627,0.00024667005953726417
0.8819102035521602,0.1180897964478399
0.8826540143034481,0.11734598569655187
0.9966533661483009,0.0033466338516991373
0.9424360562461772,0.0575639437538228
0.9425166275486737,0.05748337245132618
0.8857523902218798,0.11424760977812017
0.9966673044188362,0.003332695581163867
0.965126556464921,0.034873443535078964
0.8844984084834366,0.11550159151656338
0.9966706570735422,0.0033293429264577624
0.88494406145121,0.11505593854879012
0.9963453392749256,0.003654660725074414
1.0,9.060365737099117e-45
0.9943039444967148,0.005696055503285315
0.9942944285939166,0.00570557140608356
1.0,6.812220104590686e-44
0.8833129474021623,0.11668705259783779
0.9916319856821724,0.008368014317827679
0.9415734542878367,0.058426545712163276
0.9955562791284059,0.004443720871594122
0.8863815795615246,0.11361842043847535
0.9966685253380596,0.003331474661940316
0.8850527659244766,0.11494723407552343
0.9650040848133027,0.03499591518669733
0.9999999990862303,9.137698129222514e-10
0.9999999999413349,5.86651390072387e-11
0.9789544108593919,0.021045589140608
0.9789533733254411,0.02104662667455888
0.9999099974772041,9.000252279592748e-05
0.9999113170056497,8.86829943503799e-05
0.9999174329481957,8.256705180429918e-05
0.999919062100894,8.09378991059553e-05
0.9999445605514536,5.543944854630292e-05
0.9998286650498245,0.00017133495017551342
0.992955659499997,0.00704434050000303
0.992955659499997,0.00704434050000303
1.0,1.2145426739313623e-54
0.9999163259478546,8.367405214550434e-05
0.9999163277576404,8.367224235960936e-05
0.999999999960737,3.926299938780045e-11
0.9999999999057072,9.429282618963317e-11
0.999999999871988,1.2801210355178144e-10
0.9989829065198489,0.0010170934801510833
0.9999121952233528,8.78047766471867e-05
0.9938136460839162,0.006186353916083858
0.9937254711715465,0.006274528828453582
0.9999121956231712,8.780437682872467e-05
0.992955659499997,0.00704434050000303
0.992955659499997,0.00704434050000303
0.992955659499997,0.00704434050000303
0.9992333554549854,0.0007666445450146276
0.9992333519479709,0.0007666480520291616
0.9990818829428604,0.0009181170571396106
0.9930853460592618,0.006914653940738345
0.9965576965151491,0.0034423034848508967
0.9930853460592618,0.006914653940738345
0.8851009651774832,0.11489903482251676
0.9930853460592618,0.006914653940738345
0.8795272736321034,0.12047272636789658
0.9956577597436641,0.004342240256335785
0.992955659499997,0.00704434050000303
0.992955659499997,0.00704434050000303
0.992955659499997,0.00704434050000303
0.8835686800316843,0.11643131996831564
0.9955748372162375,0.004425162783762484
0.9963454967586634,0.0036545032413366194
0.8831844765421014,0.11681552345789863
0.9874532601134015,0.012546739886598575
0.986792415053373,0.013207584946627066
0.9374779911277343,0.06252200887226568
0.9374779911277343,0.06252200887226568
0.9374779911277343,0.06252200887226568
0.9374779911277343,0.06252200887226568
0.9782245871863354,0.021775412813664543
0.9782056608405706,0.02179433915942948
0.8819102035521602,0.1180897964478399
0.9374779911277343,0.06252200887226568
0.9374779911277343,0.06252200887226568
0.9374779911277343,0.06252200887226568
0.9999999993228739,6.771261902671567e-10
0.9374779911277343,0.06252200887226568
0.9999999990422777,9.577223743205187e-10
0.9999999954996934,4.500306494979048e-09
0.9999999935876933,6.412306568286091e-09
0.9999999176283098,8.23716902384818e-08
0.9868502983962693,0.013149701603730838
0.9868503464108993,0.013149653589100776
0.9999999996217666,3.78233356747189e-10
0.9999745001844793,2.54998155206161e-05
0.9374779911277343,0.06252200887226568
0.99960584885465,0.00039415114534998376
0.9996288411907258,0.0003711588092740669
0.9997208147332444,0.00027918526675557823
0.9995743780403488,0.0004256219596512119
0.9998128829830621,0.00018711701693777203
0.9995395746675552,0.00046042533244487467
0.9374779911277343,0.06252200887226568
0.9374779911277343,0.06252200887226568
0.9999726784570662,2.7321542933850545e-05
0.9999090276102907,9.097238970944056e-05
0.8818601974144572,0.11813980258554274
0.9999090374738886,9.0962526111352e-05
0.9966675474434917,0.003332452556508318
0.999910659918847,8.934008115292322e-05
0.9989939815722297,0.001006018427770361
0.8849274717777051,0.11507252822229487
0.9999090439713703,9.095602862972236e-05
0.9966697160501901,0.0033302839498099805
0.9999082375022854,9.17624977145882e-05
0.9930853460592618,0.006914653940738345
0.9930853460592618,0.006914653940738345
0.9930853460592618,0.006914653940738345
0.9930853460592618,0.006914653940738345
0.8818588893464612,0.11814111065353886
0.9930853460592618,0.006914653940738345
0.9956412706852921,0.0043587293147079815
0.9930853460592618,0.006914653940738345
0.992955659499997,0.00704434050000303
0.992955659499997,0.00704434050000303
0.992955659499997,0.00704434050000303
0.992955659499997,0.00704434050000303
0.9956141380819078,0.004385861918092163
0.8823656341813165,0.11763436581868354
0.992955659499997,0.00704434050000303
0.992955659499997,0.00704434050000303
0.9930853460592618,0.006914653940738345
0.9930853460592618,0.006914653940738345
0.9930853460592618,0.006914653940738345
0.9930853460592618,0.006914653940738345
0.9930853460592618,0.006914653940738345
0.9930853460592618,0.006914653940738345
0.992955659499997,0.00704434050000303
0.992955659499997,0.00704434050000303
0.992955659499997,0.00704434050000303
0.992955659499997,0.00704434050000303
0.9925607553046912,0.007439244695308857
0.9917315000853703,0.008268499914629886
0.992955659499997,0.00704434050000303
0.992955659499997,0.00704434050000303
0.8857523902218798,0.11424760977812017
0.9966679163358629,0.0033320836641369963
0.8857523902218798,0.11424760977812017
0.9966695216125481,0.003330478387451991
0.9651825562500803,0.034817443749919755
0.8819102035521602,0.1180897964478399
0.9374779911277343,0.06252200887226568
0.9374779911277343,0.06252200887226568
0.9873064893982126,0.01269351060178725
0.9873121524747586,0.01268784752524143
0.987450149593284,0.01254985040671607
0.8845853470131102,0.11541465298688983
0.9956510805878003,0.004348919412199736
0.9957434515122425,0.004256548487757518
0.9870570868152987,0.012942913184701334
0.9051675111164117,0.09483248888358838
0.9879010224711463,0.012098977528853725
0.9879102314462915,0.01208976855370836
0.9374779911277343,0.06252200887226568
0.9374779911277343,0.06252200887226568
0.9374779911277343,0.06252200887226568
0.9374779911277343,0.06252200887226568
0.8819102035521602,0.1180897964478399
0.9374779911277343,0.06252200887226568
0.9374779911277343,0.06252200887226568
0.9374779911277343,0.06252200887226568
0.9374779911277343,0.06252200887226568
0.9807085561229966,0.01929144387700352
0.9374779911277343,0.06252200887226568
0.9374779911277343,0.06252200887226568
0.9674530573181226,0.03254694268187735
0.9950165188510721,0.004983481148927858
0.9816997994202381,0.018300200579761852
0.9999675291009057,3.247089909435869e-05
0.9999272351080921,7.27648919078356e-05
0.8814563476497775,0.11854365235022246
0.9941066875364417,0.005893312463558408
0.9955876655611064,0.00441233443889347
0.9821324372920963,0.017867562707903656
0.9992919621361427,0.0007080378638573685
0.8830811668765455,0.11691883312345445
0.9966704938250455,0.003329506174954577
0.9650786820514291,0.0349213179485708
0.9952113255118504,0.004788674488149571
0.8866552408249265,0.11334475917507358
0.995209863196896,0.004790136803104084
0.9939100090977179,0.006089990902282211
0.9966712240666026,0.0033287759333973607
0.8861392385471175,0.11386076145288251
0.8801793688490224,0.11982063115097762
0.88085367608003,0.11914632391997004
0.9948780677876217,0.005121932212378262
0.99562644253614,0.004373557463859993
0.8858556800546534,0.1141443199453466
0.9326512983295073,0.0673487016704926
0.9326512983295073,0.0673487016704926
0.9999635273333459,3.647266665404056e-05
0.9956596368707215,0.004340363129278415
0.9999878027494293,1.2197250570799034e-05
0.9958224443948357,0.0041775556051642454
0.9999878729697277,1.2127030272343706e-05
0.8819102035521602,0.1180897964478399
0.9424411972900161,0.05755880270998399
0.8819102035521602,0.1180897964478399
0.8857523902218798,0.11424760977812017
0.9955372847459738,0.004462715254026159
0.9255564097160648,0.07444359028393527
0.995742493871193,0.004257506128807089
0.9647112057101193,0.0352887942898808
0.8819102035521602,0.1180897964478399
0.885487390014728,0.11451260998527207
0.9943911976385565,0.0056088023614435665
0.9966697089562975,0.0033302910437025637
0.9943602642865561,0.005639735713443929
0.9051981674266271,0.09480183257337296
0.9956183688029447,0.004381631197055261
0.9999680391667454,3.196083325466011e-05
0.9966636627295461,0.0033363372704538264
0.9733040013577908,0.026695998642209156
0.8815140637055507,0.11848593629444926
0.9733047150581023,0.026695284941897695
0.8819102035521602,0.1180897964478399
0.99667087035388,0.003329129646120007
0.8799261574730582,0.12007384252694171
0.9425086918946148,0.05749130810538506
0.8819601130530053,0.11803988694699481
0.9958361223063945,0.0041638776936053865
0.9957363070176897,0.004263692982310417
0.8826445673008204,0.11735543269917963
0.9999997282109728,2.7178902706879214e-07
0.9997498941993729,0.0002501058006270149
0.9999414668359805,5.8533164019614456e-05
0.8054914329557125,0.1945085670442876
0.9817010741760698,0.018298925823930216
0.7118739176083515,0.2881260823916485
0.9936418037345515,0.006358196265448545
0.995348728811799,0.004651271188201045
0.8805073921848119,0.11949260781518814
0.727341251525286,0.27265874847471405
0.996662568417778,0.0033374315822219686
0.8876323488783019,0.11236765112169807
0.8845100168135599,0.11548998318644013
0.8835454845483086,0.11645451545169146
0.9374779911277343,0.06252200887226568
0.9957151801559517,0.004284819844048147
0.9880544132154288,0.011945586784571213
0.9374779911277343,0.06252200887226568
0.9374779911277343,0.06252200887226568
0.995713901371664,0.0042860986283358785
0.882346120556921,0.11765387944307906
0.9374779911277343,0.06252200887226568
0.9374779911277343,0.06252200887226568
0.9789795321885539,0.02102046781144601
0.9769869682365976,0.02301303176340238
0.7175792990505422,0.28242070094945776
0.6833378869920528,0.3166621130079472
0.7602827221508957,0.23971727784910443
0.9966349897787808,0.0033650102212190395
0.9046534127571788,0.09534658724282111
0.8819102035521602,0.1180897964478399
0.9374779911277343,0.06252200887226568
0.9999999999997558,2.4429830849478073e-13
0.9374779911277343,0.06252200887226568
0.9374779911277343,0.06252200887226568
0.8835255725783645,0.11647442742163544
0.9955997373737555,0.004400262626244457
0.9957129462773813,0.0042870537226187945
0.8820122353559039,0.11798776464409617
0.9884700651146858,0.011529934885314253
0.9881727038844335,0.011827296115566563
0.9881751186500249,0.011824881349975138
0.9374779911277343,0.06252200887226568
0.8830317269848907,0.11696827301510933
0.9956721721649825,0.004327827835017395
0.9374779911277343,0.06252200887226568
0.9374779911277343,0.06252200887226568
0.9996758894275749,0.00032411057242502325
0.9977169275141688,0.002283072485831223
0.993671300877994,0.006328699122005922
0.9952069185667222,0.004793081433277808
0.8819102035521602,0.1180897964478399
0.9425058908299362,0.05749410917006378
0.8857523902218798,0.11424760977812017
0.9955610465264974,0.004438953473502655
0.9654455899469652,0.03455441005303487
0.9055210716290177,0.0944789283709822
0.996661262590565,0.003338737409434988
0.9963816235711789,0.00361837642882103
0.884191091866418,0.11580890813358204
0.9958287530462786,0.004171246953721409
0.9817669465613723,0.01823305343862767
0.9782183452203205,0.021781654779679572
0.8786671062818924,0.1213328937181076
0.9775251187356887,0.022474881264311363
0.9950031067728637,0.004996893227136383
0.886224932518811,0.11377506748118896
0.886224932518811,0.11377506748118896
0.6188890025626245,0.3811109974373755
0.886224932518811,0.11377506748118896
0.886224932518811,0.11377506748118896
0.7021462769902491,0.2978537230097509
0.886224932518811,0.11377506748118896
0.886224932518811,0.11377506748118896
0.886224932518811,0.11377506748118896
0.9374779911277343,0.06252200887226568
0.9374779911277343,0.06252200887226568
0.9374779911277343,0.06252200887226568
0.9374779911277343,0.06252200887226568
0.9374779911277343,0.06252200887226568
0.9374779911277343,0.06252200887226568
0.9374779911277343,0.06252200887226568
0.9374779911277343,0.06252200887226568
0.9374779911277343,0.06252200887226568
0.9374779911277343,0.06252200887226568
0.9374779911277343,0.06252200887226568
0.9374779911277343,0.06252200887226568
0.9374779911277343,0.06252200887226568
0.9374779911277343,0.06252200887226568
0.8819102035521602,0.1180897964478399
0.9374779911277343,0.06252200887226568
0.9374779911277343,0.06252200887226568
0.9374779911277343,0.06252200887226568
0.9374779911277343,0.06252200887226568
0.9374779911277343,0.06252200887226568
0.9374779911277343,0.06252200887226568
0.9374779911277343,0.06252200887226568
0.9374779911277343,0.06252200887226568
0.942507213570892,0.057492786429108
0.9374779911277343,0.06252200887226568
0.9374779911277343,0.06252200887226568
0.9734834010769718,0.026516598923028097
0.8857523902218798,0.11424760977812017
0.9966680840522546,0.0033319159477452633
0.8850737320143856,0.11492626798561444
0.9966706509352543,0.0033293490647458126
0.9648796166123766,0.035120383387623376
0.8856629904076819,0.114337009592318
0.99940904203513,0.0005909579648699819
0.9950702851187071,0.004929714881292861
0.886880294975591,0.11311970502440895
0.9956785940044737,0.004321405995526343
0.9947333222147429,0.005266677785257136
0.9952055288055621,0.004794471194437783
0.9999123937806053,8.760621939469822e-05
0.9999120653365255,8.79346634744889e-05
0.9646868072793594,0.03531319272064061
0.9779651554495208,0.022034844550479247
0.8831392304888578,0.1168607695111422
0.9966703467474273,0.0033296532525727658
0.884502272365996,0.11549772763400408
0.9966688169282971,0.003331183071702863
0.8830211264759096,0.11697887352409034
0.9966656904075888,0.0033343095924112955
0.9956122064536561,0.004387793546343846
0.8856413007669769,0.11435869923302314
0.8819102035521602,0.1180897964478399
0.9326512983295073,0.0673487016704926
0.9326512983295073,0.0673487016704926
0.9999999897348287,1.0265171197762102e-08
0.9983150779111856,0.0016849220888143959
0.9956571753609187,0.004342824639081391
0.8861816881888903,0.11381831181110966
0.9957811829720711,0.004218817027928899
0.9997694062411108,0.00023059375888924744
0.9999132437379833,8.675626201664065e-05
0.8823418135072599,0.11765818649274021
0.8835003778606969,0.1164996221393031
0.9955141335782723,0.004485866421727615
0.9956077305210537,0.004392269478946275
0.8849123651762858,0.11508763482371429
0.8819102035521602,0.1180897964478399
0.9819865015949661,0.018013498405033825
0.965180786995107,0.03481921300489295
0.9966660214720346,0.003333978527965455
0.9047839917637293,0.09521600823627079
0.9045088477154755,0.09549115228452455
0.8819102035521602,0.1180897964478399
0.9955430366759851,0.00445696332401493
0.8819102035521602,0.1180897964478399
0.9966392175237025,0.0033607824762975254
0.8816568581644739,0.11834314183552608
0.9374779911277343,0.06252200887226568
0.9374779911277343,0.06252200887226568
0.9374779911277343,0.06252200887226568
0.9374779911277343,0.06252200887226568
0.9874627773830509,0.01253722261694906
0.9878453222127351,0.012154677787264857
0.9998309444171092,0.00016905558289085864
0.999688757860434,0.000311242139565985
0.8819102035521602,0.1180897964478399
0.9966648056201077,0.003335194379892248
0.8837514797019937,0.11624852029800632
0.9797883255901636,0.020211674409836435
0.9798053171237721,0.020194682876227953
0.9425137490479538,0.05748625095204606
0.9425107148060784,0.057489285193921616
0.9956819665044314,0.00431803349556859
0.8857523902218798,0.11424760977812017
0.9946491143902715,0.0053508856097284965
0.9648684760205234,0.035131523979476574
0.8851289103022952,0.11487108969770479
0.9922036115211401,0.007796388478859898
0.8857533739748449,0.11424662602515516
0.9374779911277343,0.06252200887226568
0.9374779911277343,0.06252200887226568
0.9374779911277343,0.06252200887226568
0.9880799003994647,0.011920099600535255
0.9875030374389614,0.012496962561038584
0.9374779911277343,0.06252200887226568
0.9374779911277343,0.06252200887226568
0.9374779911277343,0.06252200887226568
0.9374779911277343,0.06252200887226568
0.9936358633115694,0.006364136688430559
0.9945343599220282,0.005465640077971793
0.8863440424992693,0.11365595750073054
0.9957439940633418,0.004256005936658106
0.8853087666421268,0.11469123335787318
0.8827420195736867,0.11725798042631329
0.9966651057428696,0.0033348942571304746
0.9956443984067507,0.004355601593249362
0.9841230079892287,0.01587699201077135
0.9953720290451763,0.004627970954823607
0.8863968516819613,0.11360314831803882
0.9791994128629813,0.020800587137018656
0.9326512983295073,0.0673487016704926
0.9951472519900482,0.004852748009951854
0.9644900723534725,0.03550992764652751
0.8857523902218798,0.11424760977812017
0.9966420261420068,0.0033579738579931225
0.9644900723534725,0.03550992764652751
0.9652732872694912,0.03472671273050877
0.9966709304844968,0.003329069515503227
0.9046577152398058,0.09534228476019414
0.9956266734485131,0.004373326551486995
0.8818610601187008,0.1181389398812992
0.9966694839081973,0.0033305160918027854
0.885588112703935,0.11441188729606504
0.9950981847958564,0.004901815204143596
0.9937955583789715,0.006204441621028485
0.9937957756174574,0.006204224382542625
0.9875051201341383,0.012494879865861667
0.9869059601576212,0.013094039842378715
0.9875082136910067,0.012491786308993258
0.9871185093008641,0.012881490699135951
0.9869061734806668,0.013093826519333267
0.9871183319642989,0.012881668035701184
0.9374779911277343,0.06252200887226568
0.9374779911277343,0.06252200887226568
0.9374779911277343,0.06252200887226568
0.9374779911277343,0.06252200887226568
0.9374779911277343,0.06252200887226568
0.9374779911277343,0.06252200887226568
0.9374779911277343,0.06252200887226568
0.9374779911277343,0.06252200887226568
0.9374779911277343,0.06252200887226568
0.9374779911277343,0.06252200887226568
0.9374779911277343,0.06252200887226568
0.9992966736192284,0.0007033263807717661
0.9783924123020611,0.021607587697938798
0.9783890246695158,0.021610975330484148
0.8819102035521602,0.1180897964478399
0.8835013717135982,0.11649862828640187
0.9945666520450279,0.005433347954972058
0.9993713903087982,0.0006286096912018657
0.999910933966757,8.906603324308423e-05
0.9425069801480939,0.057493019851906135
0.9996871952281404,0.0003128047718594583
0.9966680260442963,0.0033319739557036874
0.9955428303961784,0.004457169603821686
0.905079663344387,0.09492033665561289
0.8837253556459055,0.11627464435409454
0.8819102035521602,0.1180897964478399
0.8860852465655289,0.11391475343447105
0.9956290736798029,0.004370926320197171
0.9644900723534725,0.03550992764652751
0.9934791795767627,0.0065208204232374166
0.9956162542588463,0.004383745741153728
0.8806348237205769,0.11936517627942317
0.9951952839558583,0.004804716044141598
0.9831683688996429,0.016831631100357014
0.8845834545101903,0.1154165454898097
0.9733438360607332,0.026656163939266758
0.9642884551606296,0.03571154483937043
0.995224258867932,0.004775741132067968
0.9786186355708539,0.02138136442914606
0.9786229936247718,0.021377006375228172
0.8821486399229908,0.11785136007700932
0.9966695902266586,0.0033304097733413535
0.9960012499135726,0.0039987500864275055
0.9998494819166018,0.00015051808339811468
0.9994738718145594,0.0005261281854407058
0.9999315653656053,6.843463439458038e-05
0.9957880151068359,0.004211984893164084
0.9999988433943624,1.156605637595104e-06
0.8849525573374968,0.11504744266250326
0.9838336346444851,0.016166365355514977
0.9963342184763793,0.003665781523620611
0.9838786442256683,0.016121355774331585
0.9995234200669237,0.0004765799330762035
0.9996558652164959,0.0003441347835041137
0.9822473561483275,0.017752643851672543
0.9999856178434812,1.4382156518759281e-05
0.996669084616988,0.0033309153830120798
0.885354561320562,0.11464543867943797
0.9947124155005359,0.005287584499464056
0.9374779911277343,0.06252200887226568
0.8849042760053739,0.11509572399462607
0.9434954212576467,0.056504578742353304
0.9503928368949284,0.04960716310507163
0.9374779911277343,0.06252200887226568
0.9994681108616029,0.0005318891383971293
0.987867061595026,0.012132938404973849
0.9966687311069294,0.003331268893070667
0.8833701151605328,0.1166298848394672
0.9943336214584487,0.005666378541551294
0.9881267840851168,0.011873215914883349
0.9932959366698857,0.006704063330114196
0.9374779911277343,0.06252200887226568
0.9374779911277343,0.06252200887226568
0.9933235808809552,0.006676419119044727
0.9940700117834127,0.005929988216587439
0.9995118855285625,0.00048811447143756243
0.9853374357780692,0.014662564221930718
0.9998284184010953,0.00017158159890466606
0.9457472283013698,0.05425277169863022
0.9736458034351227,0.02635419656487735
0.9790889118243798,0.02091108817562027
0.9966364162526141,0.0033635837473858345
0.8863959890950338,0.11360401090496618
0.993968553474247,0.006031446525752981
0.9964086429858646,0.0035913570141354115
0.9996008593964377,0.0003991406035622424
0.9780877912181869,0.021912208781813217
0.99638562967431,0.0036143703256899863
0.9780750325153225,0.021924967484677562
0.9961708048614718,0.0038291951385281634
0.9042601141063406,0.09573988589365956
0.8819102035521602,0.1180897964478399
0.9945938485089398,0.005406151491060165
0.9969152910238933,0.0030847089761066003
0.9946228493785784,0.005377150621421731
0.9959996429848036,0.00400035701519641
0.9949220627620213,0.0050779372379785885
0.9631774135883049,0.036822586411695155
0.9966623030959907,0.003337696904009426
0.9999999562998255,4.3700174372450164e-08
0.8848277021739807,0.11517229782601945
0.9871464910112098,0.012853508988790233
0.9867905045347494,0.013209495465250578
0.9999506309897969,4.9369010203179814e-05
0.9871506144969183,0.012849385503081758
0.9374779911277343,0.06252200887226568
0.9374779911277343,0.06252200887226568
0.9374779911277343,0.06252200887226568
0.9978324672026635,0.0021675327973365616
0.9374779911277343,0.06252200887226568
0.9374779911277343,0.06252200887226568
0.9775320165086644,0.02246798349133562
0.9374779911277343,0.06252200887226568
0.999999628001395,3.7199860494791686e-07
0.9999999935676116,6.432388324559862e-09
0.8819102035521602,0.1180897964478399
0.9944729554939346,0.005527044506065357
0.9944767902372581,0.005523209762741977
0.9425037121354799,0.057496287864520046
0.8868967478940324,0.11310325210596756
0.9956014000881229,0.004398599911877011
0.9808781873664466,0.01912181263355344
0.8819102035521602,0.1180897964478399
0.9994521667618097,0.0005478332381903383
0.8836034405319994,0.11639655946800062
0.9966696529050347,0.0033303470949653364
0.9999113919715402,8.860802845977428e-05
0.968115172785264,0.031884827214736094
0.968115172785264,0.031884827214736094
0.8912782197773521,0.10872178022264799
0.9966633834321863,0.0033366165678136704
0.9049178206368768,0.0950821793631232
0.9951839291015766,0.004816070898423424
0.8819102035521602,0.1180897964478399
0.9053441223691063,0.0946558776308937
0.9999992762592493,7.237407505612154e-07
0.8819102035521602,0.1180897964478399
0.9999899648558018,1.0035144198125003e-05
0.9998377014942891,0.0001622985057108406
0.9998378672291817,0.00016213277081820286
0.9999997411968048,2.5880319525641764e-07
0.99766471318277,0.002335286817230111
0.886224932518811,0.11377506748118896
0.8151082977086622,0.18489170229133778
0.886224932518811,0.11377506748118896
0.8830640880801944,0.11693591191980553
0.9946062376741934,0.005393762325806568
0.8819102035521602,0.1180897964478399
0.995626687801748,0.004373312198251856
0.8809553323805189,0.11904466761948095
0.9425016111781203,0.057498388821879694
0.8819102035521602,0.1180897964478399
0.996137269069332,0.0038627309306679563
0.9992894846330133,0.0007105153669868024
0.9425074469928002,0.057492553007199784
0.9966604718825374,0.0033395281174626807
0.8862226508466445,0.1137773491533554
0.9928288606317328,0.007171139368267271
0.9935787765260127,0.006421223473987276
0.9742436725675121,0.025756327432487857
0.9999992750735361,7.249264637593665e-07
0.8804528822940832,0.11954711770591667
0.9999986102189512,1.3897810488504339e-06
0.9956651658570984,0.004334834142901665
0.9999722954753963,2.7704524603655924e-05
0.9789472885964098,0.02105271140359023
0.9999895345107482,1.0465489251724722e-05
0.9816737506626146,0.018326249337385265
0.9999999998379263,1.6207372771439531e-10
0.9999999987621637,1.2378363564866877e-09
0.9374779911277343,0.06252200887226568
0.9374779911277343,0.06252200887226568
0.9374779911277343,0.06252200887226568
0.9374779911277343,0.06252200887226568
0.9999989986495224,1.0013504776969648e-06
0.9374779911277343,0.06252200887226568
0.9374779911277343,0.06252200887226568
0.9374779911277343,0.06252200887226568
0.9374779911277343,0.06252200887226568
0.9374779911277343,0.06252200887226568
0.9374779911277343,0.06252200887226568
0.999994149586112,5.850413887994049e-06
0.9374779911277343,0.06252200887226568
0.9374779911277343,0.06252200887226568
0.9374779911277343,0.06252200887226568
0.9374779911277343,0.06252200887226568
0.9374779911277343,0.06252200887226568
0.9374779911277343,0.06252200887226568
0.9999999990786022,9.21397759507376e-10
0.9374779911277343,0.06252200887226568
0.9374779911277343,0.06252200887226568
0.9374779911277343,0.06252200887226568
0.9374779911277343,0.06252200887226568
0.9962764738639496,0.0037235261360503646
0.8831278731070362,0.11687212689296374
0.886224932518811,0.11377506748118896
0.886224932518811,0.11377506748118896
0.886224932518811,0.11377506748118896
0.9999999998378117,1.6218832765979245e-10
0.9935384774365115,0.006461522563488574
0.886224932518811,0.11377506748118896
0.886224932518811,0.11377506748118896
0.886224932518811,0.11377506748118896
0.9999999999999181,8.199148372443134e-14
0.9956711712010311,0.004328828798968845
0.8841961994697879,0.11580380053021207
0.9951588228655945,0.004841177134405535
0.9997531195253418,0.000246880474658196
0.999799894183873,0.00020010581612687974
0.8864652992176395,0.11353470078236046
0.9966723649088539,0.0033276350911461204
0.9652178892405606,0.0347821107594394
0.9999981787469093,1.8212530907054176e-06
0.9973767333244846,0.002623266675515229
0.9945240909716134,0.0054759090283866075
0.9952102211317565,0.004789778868243391
0.9957527483923315,0.004247251607668493
0.8857523902218798,0.11424760977812017
0.9751624059324571,0.0248375940675429
0.9636028823923553,0.03639711760764469
0.9740628654838452,0.02593713451615489
0.8857523902218798,0.11424760977812017
0.9930029877852804,0.006997012214719547
0.8819102035521602,0.1180897964478399
0.9944686348427781,0.005531365157221914
0.9998441391308905,0.00015586086910940994
0.8853771100649575,0.11462288993504265
0.9949850441307542,0.005014955869245799
0.8797077710369314,0.12029222896306865
0.9447295399833503,0.055270460016649654
0.9955227929083645,0.004477207091635417
0.9995236595387338,0.0004763404612662575
0.9998492200620661,0.00015077993793392373
0.9972291148239817,0.0027708851760182614
0.9987838671653795,0.0012161328346205291
0.9548333011047009,0.04516669889529905
0.999999525908593,4.740914070660847e-07
0.9374779911277343,0.06252200887226568
0.9374779911277343,0.06252200887226568
0.9872821397427356,0.012717860257264459
0.9872807351985909,0.01271926480140905
0.8819102035521602,0.1180897964478399
0.8863783419486654,0.11362165805133458
0.9956101787323585,0.004389821267641452
0.9955979582710911,0.0044020417289089625
0.9374779911277343,0.06252200887226568
0.9425139824449464,0.05748601755505363
0.8857523902218798,0.11424760977812017
0.8819102035521602,0.1180897964478399
0.9374779911277343,0.06252200887226568
0.8819102035521602,0.1180897964478399
0.9930834026694114,0.006916597330588635
0.9929789453253979,0.007021054674602031
0.9645093263249448,0.035490673675055186
0.9955811857512402,0.004418814248759734
0.9898863334003097,0.010113666599690298
0.9041779971714988,0.09582200282850116
0.9832062252115613,0.01679377478843869
0.8819102035521602,0.1180897964478399
0.978858037386503,0.0211419626134969
0.9788715338447087,0.021128466155291355
0.886224932518811,0.11377506748118896
0.886224932518811,0.11377506748118896
0.886224932518811,0.11377506748118896
0.886224932518811,0.11377506748118896
0.886224932518811,0.11377506748118896
0.886224932518811,0.11377506748118896
0.886224932518811,0.11377506748118896
0.886224932518811,0.11377506748118896
0.886224932518811,0.11377506748118896
0.886224932518811,0.11377506748118896
0.9668862691143763,0.033113730885623804
0.9670484953121797,0.03295150468782036
0.886224932518811,0.11377506748118896
0.8818533495490606,0.11814665045093932
0.886224932518811,0.11377506748118896
0.995662005645745,0.004337994354254995
0.882223812715397,0.11777618728460308
0.9999940579809183,5.942019081720651e-06
0.8864967833279748,0.1135032166720251
0.9966671550650459,0.0033328449349541377
0.9987803672435883,0.0012196327564117963
0.9877199734555445,0.012280026544455515
0.9877195764452599,0.012280423554740159
0.9875133211445251,0.012486678855474984
0.9997649879970635,0.00023501200293659944
0.9966476380423431,0.0033523619576569436
0.882636284774577,0.11736371522542288
0.9874512958485673,0.012548704151432763
0.9874502906764356,0.01254970932356445
0.9876572375544539,0.01234276244554611
0.8857523902218798,0.11424760977812017
0.9975279452211071,0.002472054778892759
0.9966722186908871,0.00332778130911297
0.9650326395302135,0.03496736046978654
0.9934845946831746,0.006515405316825357
0.9944679049906391,0.005532095009360804
0.8819102035521602,0.1180897964478399
0.9816906679766058,0.01830933202339429
0.9999996008729087,3.991270912328934e-07
0.9424680639123452,0.057531936087654716
0.9816906268338622,0.018309373166137753
0.9999980930623056,1.90693769449815e-06
0.9049950068962577,0.09500499310374237
0.9966627909031475,0.0033372090968526538
0.8819102035521602,0.1180897964478399
0.9966665180100541,0.003333481989945957
0.8802800079548165,0.11971999204518344
0.8824247464136108,0.11757525358638916
0.9962566632272543,0.003743336772745688
0.887321652412805,0.11267834758719507
0.9955513145495002,0.004448685450499759
0.9999328885500558,6.71114499441308e-05
0.9997701507447468,0.00022984925525315408
0.9957472593105839,0.004252740689416118
0.9940646775699169,0.005935322430083146
0.8820722702888596,0.11792772971114038
0.9927720504748186,0.007227949525181384
0.8857523902218798,0.11424760977812017
0.9953823480219152,0.0046176519780849155
0.9653644881344509,0.03463551186554922
0.9966070962705698,0.003392903729430188
0.8837445863453769,0.11625541365462323
0.8873168895552032,0.1126831104447969
0.9966698247458609,0.003330175254139153
0.9881795112095559,0.011820488790444075
0.9875813704298999,0.012418629570100119
0.9879291818839575,0.012070818116042577
0.9879300812909377,0.012069918709062318
0.9868464862213459,0.01315351377865422
0.987389090429856,0.012610909570143903
0.9374779911277343,0.06252200887226568
0.9374779911277343,0.06252200887226568
0.9374779911277343,0.06252200887226568
0.9374779911277343,0.06252200887226568
0.9374779911277343,0.06252200887226568
0.9374779911277343,0.06252200887226568
0.9374779911277343,0.06252200887226568
0.9374779911277343,0.06252200887226568
0.9374779911277343,0.06252200887226568
0.9374779911277343,0.06252200887226568
0.9956689712521329,0.004331028747867066
0.9374779911277343,0.06252200887226568
0.9374779911277343,0.06252200887226568
0.8862578127212797,0.11374218727872024
0.9957421915773077,0.004257808422692397
0.9999713967389707,2.8603261029267466e-05
0.8845383438013215,0.1154616561986786
0.9956072100439045,0.004392789956095567
0.8857523902218798,0.11424760977812017
0.9942035486417192,0.0057964513582807724
0.9653297493838482,0.0346702506161518
0.8819102035521602,0.1180897964478399
0.999749756734475,0.0002502432655249737
0.9999144343494811,8.556565051884387e-05
0.8798746641957313,0.1201253358042688
0.966976720494543,0.033023279505456984
0.9668439014565883,0.033156098543411776
0.9999999976977847,2.302215334207931e-09
0.9999999998113693,1.8863076977199102e-10
0.9999166430853077,8.335691469234717e-05
0.9999185674942722,8.143250572784484e-05
0.992955659499997,0.00704434050000303
0.992955659499997,0.00704434050000303
0.9994446553889339,0.0005553446110661034
0.9995647048074267,0.00043529519257324314
0.999599769958127,0.00040023004187306194
0.9996983656418028,0.0003016343581971256
0.9946503663476303,0.005349633652369723
0.9048151134081017,0.0951848865918983
0.9955879806824689,0.004412019317531147
0.8819102035521602,0.1180897964478399
0.8824228167119978,0.1175771832880022
0.88150943222119,0.11849056777880988
0.9957981577627909,0.004201842237208996
0.9966655855854253,0.0033344144145746194
0.8836455702152145,0.11635442978478548
0.9992540308488373,0.0007459691511627276
0.9998211680174841,0.00017883198251595318
0.8819102035521602,0.1180897964478399
0.9997591983315146,0.00024080166848535798
0.9374779911277343,0.06252200887226568
0.9425065911081195,0.057493408891880524
0.9374779911277343,0.06252200887226568
0.8819102035521602,0.1180897964478399
0.9867496842695851,0.01325031573041502
0.8835967978826482,0.11640320211735165
0.9425055017830404,0.05749449821695966
0.8810055613498553,0.11899443865014474
0.9998952178480867,0.00010478215191335005
0.9374779911277343,0.06252200887226568
0.9945209217564751,0.005479078243524774
0.9374779911277343,0.06252200887226568
0.9998952027382675,0.00010479726173256037
0.999895196022093,0.00010480397790706321
0.9999995729984721,4.270015279100312e-07
0.9995547291660701,0.0004452708339297563
0.9963932064080108,0.0036067935919892806
0.9999988163565191,1.1836434807723443e-06
0.9042481321647772,0.09575186783522273
0.9995615451817519,0.00043845481824809066
0.9995615481912893,0.0004384518087105994
0.9994536979474945,0.0005463020525054647
0.8819102035521602,0.1180897964478399
0.9930853460592618,0.006914653940738345
0.9963784666576899,0.0036215333423101803
0.9930853460592618,0.006914653940738345
0.9930853460592618,0.006914653940738345
0.8866918999541201,0.11330810004587977
0.992955659499997,0.00704434050000303
0.992955659499997,0.00704434050000303
0.992955659499997,0.00704434050000303
0.9994154446314815,0.000584555368518671
0.9992850582894214,0.0007149417105787316
0.9994158737359049,0.0005841262640950929
0.9966601121018832,0.0033398878981167465
0.8834296646638548,0.11657033533614525
0.8849472139437842,0.11505278605621577
0.9966409844255252,0.003359015574474839
0.9415734542878367,0.058426545712163276
0.9649700126653081,0.03502998733469201
0.884147380772536,0.11585261922746401
0.9938670047556531,0.006132995244346817
0.9884806124288573,0.011519387571142594
0.9884759803077723,0.011524019692227692
0.9889928859222166,0.01100711407778333
0.98686137411062,0.01313862588937999
0.9868608389961825,0.013139161003817488
0.9870938799059794,0.01290612009402052
0.878894354115382,0.12110564588461806
0.9956813790925697,0.004318620907430233
0.9952530895161061,0.004746910483893887
0.7314808592511068,0.26851914074889316
0.9955089112326158,0.004491088767384346
0.8835956539087623,0.11640434609123777
0.8876323488783019,0.11236765112169807
0.8810124594337247,0.11898754056627525
0.993308390788139,0.0066916092118609796
0.995686841276125,0.0043131587238751014
0.8857523902218798,0.11424760977812017
0.8841099126538757,0.11589008734612416
0.964591759199718,0.03540824080028202
0.8857523902218798,0.11424760977812017
0.9999981348586733,1.8651413267051256e-06
0.9670220381754197,0.032977961824580335
0.9647945255022867,0.03520547449771318
0.8819102035521602,0.1180897964478399
0.9998952056164961,0.00010479438350380014
0.9998796077522123,0.00012039224778764783
0.9998952166489743,0.00010478335102576559
0.9998952180879075,0.00010478191209251355
0.9999999999335953,6.640466239863049e-11
0.9999999809169219,1.908307800860333e-08
0.9999999999859739,1.4026086404742637e-11
0.9999999999856763,1.4323588544316398e-11
0.9999999999999951,4.96451185329009e-15
0.9999999998313023,1.6869771850291274e-10
0.9966511688278638,0.0033488311721362484
0.992955659499997,0.00704434050000303
0.992955659499997,0.00704434050000303
0.9045095724875962,0.09549042751240382
0.992955659499997,0.00704434050000303
0.9999244137610274,7.558623897266653e-05
0.992955659499997,0.00704434050000303
0.9999244140621898,7.558593781014729e-05
0.9993753223102734,0.0006246776897266915
0.9994624753058335,0.0005375246941664677
0.8802433742323923,0.11975662576760761
0.9966560293863295,0.0033439706136705162
0.8819102035521602,0.1180897964478399
0.9992638420979637,0.0007361579020363752
0.992955659499997,0.00704434050000303
0.9993629638262923,0.0006370361737076373
0.992955659499997,0.00704434050000303
0.9992909817169302,0.0007090182830698037
0.9994944102490655,0.0005055897509344912
0.9995600086306043,0.0004399913693957278
0.9996171560715913,0.00038284392840873293
0.9994946565681605,0.0005053434318394454
0.9930853460592618,0.006914653940738345
0.9994947987541306,0.0005052012458693064
0.992955659499997,0.00704434050000303
0.9995931032816346,0.00040689671836530866
0.9966497222420286,0.0033502777579713133
0.8831004910775407,0.11689950892245922
0.999532668757242,0.00046733124275792853
0.9993070866363257,0.0006929133636741704
0.9992802951385796,0.0007197048614203852
0.9995775486649682,0.00042245133503181247
0.999477404635516,0.0005225953644839422
0.9957227617449093,0.0042772382550909
0.8841964455864202,0.1158035544135799
0.9833393563506951,0.01666064364930494
0.9833390270060548,0.016660972993945176
0.9212706542979607,0.07872934570203935
0.9652318653720207,0.034768134627979376
0.8819990935328228,0.1180009064671771
0.9644900723534725,0.03550992764652751
0.9374779911277343,0.06252200887226568
0.9374779911277343,0.06252200887226568
0.8857523902218798,0.11424760977812017
0.9956086363484928,0.00439136365150716
0.9374779911277343,0.06252200887226568
0.9374779911277343,0.06252200887226568
0.9993370096105668,0.000662990389433117
0.9374779911277343,0.06252200887226568
0.9374779911277343,0.06252200887226568
0.9890372709068624,0.010962729093137526
0.8819102035521602,0.1180897964478399
0.9374779911277343,0.06252200887226568
0.9374779911277343,0.06252200887226568
0.9887286482522822,0.011271351747717824
0.987926177724295,0.012073822275704901
0.9874526500600576,0.012547349939942467
0.9875987315649846,0.012401268435015428
0.9874650639899311,0.012534936010068975
0.9878105660767851,0.012189433923214855
0.9374779911277343,0.06252200887226568
0.9954972198026671,0.004502780197332748
0.8858400480618989,0.11415995193810113
0.9374779911277343,0.06252200887226568
0.9956932571652981,0.004306742834701877
0.8836330135235938,0.11636698647640613
0.996203627401707,0.003796372598293018
0.9965918592793663,0.003408140720633593
0.8820634397291923,0.11793656027080768
0.9954193283517583,0.004580671648241664
0.8857523902218798,0.11424760977812017
0.8851108291101238,0.11488917088987617
0.9966621613755353,0.0033378386244645947
0.8857523902218798,0.11424760977812017
0.9647420855867253,0.03525791441327476
0.886224932518811,0.11377506748118896
0.9936899748839011,0.00631002511609892
0.886224932518811,0.11377506748118896
0.886224932518811,0.11377506748118896
0.9999883780785659,1.1621921434082556e-05
0.886224932518811,0.11377506748118896
0.8819102035521602,0.1180897964478399
0.9954811215195863,0.004518878480413746
0.9374779911277343,0.06252200887226568
0.8809358692504233,0.11906413074957665
0.9374779911277343,0.06252200887226568
0.9374779911277343,0.06252200887226568
0.9374779911277343,0.06252200887226568
0.886224932518811,0.11377506748118896
0.9997823061975113,0.00021769380248875134
0.8857523902218798,0.11424760977812017
0.8848021759091367,0.11519782409086333
0.8848021759091367,0.11519782409086333
0.9374779911277343,0.06252200887226568
0.886224932518811,0.11377506748118896
0.9998764516181989,0.00012354838180101235