0.957045777308365,0.04295422269163495
0.8868031946659113,0.11319680533408863
0.8175273475577992,0.18247265244220082
0.8877146915204209,0.11228530847957902
0.8240555887291171,0.17594441127088292
0.8281090056757598,0.17189099432424018
0.9331853189674197,0.06681468103258022
0.8317800782363914,0.16821992176360867
0.9044899949596479,0.09551000504035206
0.9063849484348387,0.09361505156516113
0.9138036427630409,0.08619635723695905
0.8925480978049984,0.1074519021950015
0.8877146915204209,0.11228530847957902
0.8907885815319785,0.10921141846802164
0.8950069486588664,0.1049930513411337
0.9144071101372393,0.08559288986276063
0.8299259392400957,0.17007406075990428
0.8747196767796853,0.1252803232203148
0.899965092839726,0.10003490716027406
0.8874226974295206,0.11257730257047938
0.8953097278149,0.10469027218509995
0.8303643145678764,0.16963568543212354
0.8877146915204209,0.11228530847957902
0.8956189248500006,0.10438107514999938
0.8310735551382719,0.1689264448617282
0.867306694360474,0.1326933056395259
0.8747196767796853,0.1252803232203148
0.8646876576872081,0.13531234231279182
0.8816649709983755,0.11833502900162443
0.8846512407100409,0.11534875928995905
0.7328150512242022,0.2671849487757978
0.7330072025469984,0.26699279745300164
0.8872735570154031,0.11272644298459697
0.954673725424442,0.04532627457555808
0.8163308750410366,0.18366912495896337
0.8822969034602968,0.11770309653970319
0.8153903640604325,0.18460963593956758
0.9042874765620419,0.09571252343795802
0.8310868813111854,0.1689131186888146
0.8423110417829118,0.15768895821708803
0.7948624310377475,0.20513756896225252
0.8747196767796853,0.1252803232203148
0.8822972553402321,0.1177027446597679
0.8873839822702665,0.11261601772973362
0.8873839822702665,0.11261601772973362
0.8877146915204209,0.11228530847957902
0.827187850167806,0.17281214983219398
0.883177920992518,0.11682207900748197
0.8785418803790691,0.12145811962093085
0.8747196767796853,0.1252803232203148
0.8299957072197434,0.17000429278025667
0.8209668934060942,0.17903310659390587
0.9365980079303537,0.06340199206964614
0.8785418803790691,0.12145811962093085
0.8873839822702665,0.11261601772973362
0.8785418803790691,0.12145811962093085
0.8873839822702665,0.11261601772973362
0.8894677169079505,0.11053228309204961
0.883177920992518,0.11682207900748197
0.8785418803790691,0.12145811962093085
0.8861962908945358,0.11380370910546428
0.8957266048640437,0.10427339513595642
0.8195304332853484,0.1804695667146516
0.8747196767796853,0.1252803232203148
0.8302899782920127,0.16971002170798732
0.8293192287767575,0.17068077122324254
0.8873839822702665,0.11261601772973362
0.8873839822702665,0.11261601772973362
0.8672032345983272,0.13279676540167282
0.923481037737292,0.07651896226270803
0.8873839822702665,0.11261601772973362
0.889403050219434,0.11059694978056601
0.8866295692402625,0.11337043075973752
0.9018643153435433,0.09813568465645671
0.8502199461776803,0.14978005382231968
0.8970429806433543,0.10295701935664561
0.8837120657654952,0.11628793423450483
0.8866295692402625,0.11337043075973752
0.8873839822702665,0.11261601772973362
0.8898488337525252,0.11015116624747484
0.8877146915204209,0.11228530847957902
0.8873839822702665,0.11261601772973362
0.946426657441563,0.05357334255843697
0.9422862056852901,0.057713794314709965
0.8846512407100409,0.11534875928995905
0.7353469640409805,0.26465303595901957
0.8877146915204209,0.11228530847957902
0.9447872330187442,0.05521276698125576
0.8913062232557276,0.10869377674427229
0.8877146915204209,0.11228530847957902
0.8875636105198245,0.11243638948017547
0.8747196767796853,0.1252803232203148
0.9542263949969649,0.04577360500303504
0.8873839822702665,0.11261601772973362
0.8873839822702665,0.11261601772973362
0.8313519701414073,0.1686480298585927
0.88461804938122,0.11538195061878004
0.8858279588987522,0.11417204110124768
0.8866893410850049,0.11331065891499516
0.88055264169281,0.11944735830719
0.8898850119685621,0.1101149880314379
0.8868088023188202,0.11319119768117988
0.8888556779301227,0.11114432206987734
0.8876107558725067,0.1123892441274933
0.888826880679232,0.11117311932076807
0.8862222106268706,0.11377778937312942
0.8880918178171097,0.11190818218289039
0.890483175066103,0.10951682493389707
0.8877146915204209,0.11228530847957902
0.8877146915204209,0.11228530847957902
0.8877146915204209,0.11228530847957902
0.8877146915204209,0.11228530847957902
0.8836328935792681,0.11636710642073192
0.880355607176301,0.11964439282369896
0.8692072031990848,0.1307927968009152
0.8975213214681771,0.10247867853182298
0.8210618212132116,0.17893817878678842
0.49576477839616023,0.5042352216038398
0.9035034771959481,0.0964965228040519
0.7397182790442861,0.26028172095571395
0.8318834998676474,0.16811650013235263
0.8280251506367831,0.17197484936321702
0.7910712238882638,0.20892877611173621
0.8823821490440785,0.11761785095592148
0.8062496687890832,0.19375033121091667
0.8788580228134696,0.1211419771865304
0.8176375889663962,0.18236241103360387
0.8860444806711067,0.11395551932889322
0.9041302970208033,0.09586970297919675
0.8799163784779171,0.12008362152208288
0.8851075949935846,0.1148924050064154
0.8806135114041322,0.11938648859586788
0.8877146915204209,0.11228530847957902
0.8328535033013698,0.1671464966986303
0.8688963174944723,0.1311036825055277
0.9360144451318246,0.0639855548681754
0.883764432009174,0.11623556799082602
0.8866893410850049,0.11331065891499516
0.8795851406109586,0.12041485938904142
0.8213571196977045,0.17864288030229553
0.9091544011793788,0.09084559882062115
0.9052110604135872,0.0947889395864129
0.9188154349120902,0.08118456508790992
0.918345799893875,0.081654200106125
0.9200277630680674,0.07997223693193259
0.8874170554429931,0.11258294455700697
0.9167155320705528,0.08328446792944713
0.9343447800868805,0.06565521991311957
0.9619629321196251,0.0380370678803749
0.9589144885435916,0.041085511456408284
0.8125094333253542,0.1874905666746459
0.9433480023090008,0.05665199769099918
0.8877146915204209,0.11228530847957902
0.9897522394122321,0.010247760587767926
0.8873839822702665,0.11261601772973362
0.9031441963217282,0.09685580367827172
0.9261185033483178,0.07388149665168234
0.9044803871676067,0.09551961283239341
0.9559277631265792,0.04407223687342079
0.9376599714653616,0.062340028534638305
0.958471552076295,0.041528447923705136
0.7583588050627205,0.2416411949372794
0.9261124700355902,0.07388752996440984
0.7487277981286218,0.2512722018713783
0.8914532213822159,0.10854677861778401
0.8928800282784977,0.10711997172150227
0.9769139772374049,0.02308602276259503
0.9525897655589178,0.047410234441082215
0.930202390195418,0.06979760980458202
0.9136453653785108,0.08635463462148919
0.9054468869142102,0.09455311308578987
0.9454426730777542,0.054557326922245776
0.9382718797914252,0.061728120208574724
0.9026463895912558,0.09735361040874418
0.995333031519472,0.004666968480528052
0.7684904529919883,0.23150954700801182
0.9293247870661915,0.07067521293380859
0.9640920232976885,0.03590797670231142
0.9143823845322862,0.08561761546771393
0.9505576721990207,0.04944232780097925
0.9429342467989492,0.057065753201050874
0.9216642475638027,0.07833575243619727
0.9430464306321629,0.05695356936783713
0.8908090620681991,0.10919093793180089
0.9631655416225332,0.036834458377466794
0.7667858949845661,0.23321410501543402
0.9522449211420189,0.047755078857981144
0.8873839822702665,0.11261601772973362
0.8949104714577861,0.10508952854221386
0.8988420771382792,0.10115792286172075
0.937627632056169,0.06237236794383111
0.9399092714227969,0.06009072857720313
0.8709661376567194,0.1290338623432807
0.8964939075842201,0.10350609241577986
0.8729665570095628,0.12703344299043706
0.8738932744241997,0.12610672557580022
0.8873839822702665,0.11261601772973362
0.9346460056802369,0.06535399431976316
0.7927246951500392,0.2072753048499609
0.9404743149061806,0.05952568509381939
0.8873839822702665,0.11261601772973362
0.8598698470300776,0.1401301529699223
0.9412190674978134,0.0587809325021865
0.8873839822702665,0.11261601772973362
0.8873839822702665,0.11261601772973362
0.7758268063073802,0.2241731936926199
0.8946241341626899,0.10537586583731005
0.9348652458616432,0.06513475413835677
0.9541802533092592,0.04581974669074086
0.9471871338955944,0.05281286610440566
0.8716518097829768,0.1283481902170231
0.8873839822702665,0.11261601772973362
0.9457309810201413,0.05426901897985876
0.8847442824043852,0.11525571759561494
0.9604036297817405,0.03959637021825954
0.8880657164395827,0.11193428356041732
0.9326951910539505,0.06730480894604957
0.9422432457768237,0.05775675422317621
0.8748638644062375,0.12513613559376255
0.9338420886413066,0.06615791135869332
0.7265356042586786,0.27346439574132136
0.9419488774964291,0.05805112250357086
0.8993900269784344,0.1006099730215656
0.9416344027660482,0.05836559723395185
0.8826612312744889,0.11733876872551108
0.9417112034550216,0.0582887965449784
0.8988022773496203,0.1011977226503798
0.932139206168225,0.06786079383177496
0.7589911649437271,0.2410088350562729
0.8749273283752105,0.12507267162478958
0.8368224646146697,0.16317753538533034
0.8902161537290239,0.10978384627097629
0.9284909028912897,0.07150909710871022
0.8461325403377997,0.15386745966220025
0.8059859392273997,0.1940140607726004
0.8022105541167667,0.19778944588323336
0.9439221771594242,0.056077822840575914
0.7909858144521572,0.2090141855478429
0.7946192085527379,0.20538079144726207
0.8877146915204209,0.11228530847957902
0.7819984732536785,0.21800152674632142
0.8935850097568044,0.10641499024319562
0.9259808226339985,0.0740191773660016
0.8898743825829702,0.1101256174170297
0.8889120930647887,0.1110879069352113
0.8893058130874677,0.11069418691253216
0.8295004871529811,0.1704995128470188
0.7125640142476609,0.28743598575233903
0.8877146915204209,0.11228530847957902
0.8747196767796853,0.1252803232203148
0.8877146915204209,0.11228530847957902
0.8883157763481128,0.11168422365188721
0.8886543618087817,0.11134563819121834
0.8887350406961038,0.11126495930389625
0.8796808246626695,0.12031917533733048
0.83079740609779,0.16920259390221004
0.8877146915204209,0.11228530847957902
0.8791128308081193,0.12088716919188074
0.8877146915204209,0.11228530847957902
0.8877146915204209,0.11228530847957902
0.8877146915204209,0.11228530847957902
0.8877146915204209,0.11228530847957902
0.8873839822702665,0.11261601772973362
0.8195262149558905,0.18047378504410957
0.8262462954010149,0.17375370459898512
0.8275947223266167,0.17240527767338332
0.8881231593990484,0.11187684060095161
0.9333445953024219,0.06665540469757802
0.9477251560048412,0.052274843995158755
0.8877146915204209,0.11228530847957902
0.8877146915204209,0.11228530847957902
0.8747196767796853,0.1252803232203148
0.8901366280147649,0.109863371985235
0.8844820705054586,0.11551792949454144
0.8844820705054586,0.11551792949454144
0.8985918409862687,0.10140815901373125
0.890813092847468,0.10918690715253204
0.8411684465425301,0.15883155345746988
0.8866295692402625,0.11337043075973752
0.8844820705054586,0.11551792949454144
0.8844820705054586,0.11551792949454144
0.8895929504425989,0.11040704955740102
0.8877146915204209,0.11228530847957902
0.8861206986003041,0.1138793013996959
0.8883183535819674,0.11168164641803263
0.8321907441942464,0.1678092558057535
0.8907739764498717,0.10922602355012828
0.8287279857425406,0.17127201425745944
0.8852740904073509,0.11472590959264899
0.8889193039183854,0.11108069608161471
0.892040033244345,0.10795996675565495
0.888903801001621,0.11109619899837894
0.8960916983968454,0.1039083016031545
0.8894113435692745,0.11058865643072542
0.8894675993445111,0.1105324006554888
0.8938234312875656,0.10617656871243439
0.8890665986293103,0.11093340137068972
0.884683148494128,0.115316851505872
0.8896954755222994,0.11030452447770048
0.8954428755203291,0.10455712447967087
0.8955253364869988,0.10447466351300112
0.8957519968149855,0.10424800318501448
0.8950621935362052,0.10493780646379489
0.8894817565237293,0.11051824347627076
0.8951850066849214,0.10481499331507863
0.896297379931937,0.10370262006806305
0.8952449128920217,0.10475508710797823
0.890154797554272,0.10984520244572805
0.8952220395070333,0.10477796049296673
0.8954621805973215,0.10453781940267834
0.8962941779506318,0.10370582204936814
0.8959522106297324,0.10404778937026751
0.8890799096969662,0.11092009030303396
0.8890805779982326,0.1109194220017674
0.8960843891576292,0.10391561084237078
0.896373204583983,0.10362679541601706
0.8876850451899168,0.1123149548100833
0.8957229283585921,0.10427707164140794
0.8957514167315623,0.1042485832684376
0.8889702048570558,0.11102979514294425
0.8964730922557137,0.10352690774428629
0.8958146817455522,0.10418531825444781
0.8957561627848636,0.10424383721513653
0.8967465730599761,0.10325342694002398
0.8961345981467242,0.1038654018532757
0.8991150339099022,0.10088496609009764
0.895556083048735,0.10444391695126497
0.8954908823898312,0.10450911761016878
0.8962729086712934,0.10372709132870662
0.8897776937184128,0.11022230628158725
0.8897173095795802,0.11028269042041991
0.8877146915204209,0.11228530847957902
0.897350153449806,0.10264984655019402
0.8840564549950928,0.11594354500490733
0.8893363339227931,0.11066366607720683
0.8827057577156742,0.11729424228432599
0.8895167817761686,0.11048321822383148
0.8893802338617318,0.11061976613826814
0.8747196767796853,0.1252803232203148
0.8876850451899168,0.1123149548100833
0.7715600903714516,0.22843990962854846
0.8948766112506569,0.10512338874934303
0.8747196767796853,0.1252803232203148
0.8877146915204209,0.11228530847957902
0.8785418803790691,0.12145811962093085
0.8904494768601041,0.10955052313989584
0.7759094618412953,0.22409053815870483
0.883177920992518,0.11682207900748197
0.8858042540227523,0.11419574597724777
0.8915837832839362,0.1084162167160638
0.8517120904658183,0.14828790953418164
0.886838650455133,0.113161349544867
0.8785418803790691,0.12145811962093085
0.8785418803790691,0.12145811962093085
0.8877146915204209,0.11228530847957902
0.883177920992518,0.11682207900748197
0.8842705361113153,0.11572946388868466
0.7787113502645033,0.22128864973549672
0.9170903504071185,0.08290964959288152
0.8877146915204209,0.11228530847957902
0.8877146915204209,0.11228530847957902
0.8747196767796853,0.1252803232203148
0.888913921616209,0.11108607838379105
0.888887539837948,0.11111246016205202
0.88899510044307,0.11100489955693009
0.831947643015653,0.1680523569843469
0.8247046024189405,0.1752953975810594
0.8877146915204209,0.11228530847957902
0.8877146915204209,0.11228530847957902
0.8877146915204209,0.11228530847957902
0.8877146915204209,0.11228530847957902
0.8877146915204209,0.11228530847957902
0.8883839434842696,0.11161605651573026
0.8877146915204209,0.11228530847957902
0.8747196767796853,0.1252803232203148
0.7649130406323592,0.23508695936764087
0.899381953440692,0.10061804655930784
0.9393825364563239,0.0606174635436762
0.8894588266483814,0.1105411733516186
0.922034740850244,0.07796525914975605
0.8890545673403337,0.11094543265966632
0.8873839822702665,0.11261601772973362
0.9024752842808009,0.09752471571919905
0.7763414327123845,0.2236585672876155
0.8944492779961578,0.10555072200384227
0.8940170125471307,0.10598298745286933
0.8891579100602444,0.1108420899397556
0.9051987532155076,0.09480124678449249
0.928310712323425,0.07168928767657513
0.8893166017680497,0.11068339823195027
0.8899624883670678,0.11003751163293213
0.8892459854548654,0.1107540145451345
0.8900068340448726,0.10999316595512733
0.8950376086755621,0.10496239132443785
0.8890199710229439,0.11098002897705603
0.8833469878182724,0.11665301218172767
0.8894773609743346,0.11052263902566545
0.8895053482935937,0.11049465170640628
0.8964187282730651,0.103581271726935
0.895915413905043,0.10408458609495692
0.8966677983368736,0.10333220166312646
0.8966161422383085,0.1033838577616915
0.8998872784482616,0.10011272155173849
0.8961896719140551,0.10381032808594497
0.8959525345283395,0.10404746547166067
0.8188576418866907,0.18114235811330928
0.8896955309434816,0.1103044690565183
0.8967284714787719,0.10327152852122803
0.8986281239845573,0.10137187601544272
0.889276516557957,0.11072348344204293
0.8894068997944372,0.11059310020556276
0.8895059588455503,0.11049404115444962
0.8907024563162897,0.10929754368371028
0.8784316303420133,0.1215683696579866
0.8325051627990168,0.1674948372009832
0.8283393431233586,0.1716606568766415
0.9406029190745252,0.059397080925474736
0.8832219517238902,0.1167780482761098
0.8877146915204209,0.11228530847957902
0.8833231974290964,0.11667680257090353
0.9446890704854191,0.055310929514580956
0.8848215883313513,0.1151784116686487
0.8877146915204209,0.11228530847957902
0.7779113341274951,0.22208866587250478
0.9184570232218355,0.08154297677816438
0.9171190067985714,0.08288099320142851
0.9588934928341225,0.041106507165877486
0.6885754068306624,0.3114245931693376
0.6878614188932324,0.3121385811067676
0.8644067442551733,0.13559325574482672
0.9496665909809165,0.05033340901908359
0.8872735570154031,0.11272644298459697
0.8843098275810339,0.11569017241896605
0.9404611344858909,0.05953886551410921
0.9339447208633155,0.0660552791366846
0.9345525107013002,0.06544748929869972
0.9336564723835555,0.06634352761644444
0.8833206511501294,0.11667934884987068
0.888668589972155,0.11133141002784488
0.9809169031262909,0.019083096873709172
0.9152089536519978,0.08479104634800223
0.7921423319973651,0.20785766800263486
0.8877146915204209,0.11228530847957902
0.8110991133576833,0.18890088664231672
0.97883529560931,0.021164704390689876
0.9177035179740257,0.08229648202597421
0.9478533118793016,0.05214668812069841
0.9398276059833282,0.0601723940166718
0.8873839822702665,0.11261601772973362
0.9595885045818365,0.0404114954181634
0.9471519046838628,0.052848095316137204
0.7827069203864359,0.21729307961356423
0.9537357579727911,0.0462642420272089
0.9335752675377011,0.0664247324622989
0.942673818567783,0.057326181432216974
0.8452926671156066,0.1547073328843934
0.9448590844511046,0.05514091554889553
0.8873839822702665,0.11261601772973362
0.9393313406835987,0.060668659316401266
0.9596182992650372,0.040381700734962854
0.9488841918800147,0.05111580811998542
0.9800695693381842,0.019930430661815806
0.9707345591787623,0.02926544082123772
0.6996571071398969,0.30034289286010313
0.9808517673511126,0.01914823264888751
0.9639576720347602,0.03604232796523975
0.8877146915204209,0.11228530847957902
0.8866295692402625,0.11337043075973752
0.8931794132743903,0.10682058672560975
0.9424420594342432,0.05755794056575686
0.9205408249835692,0.07945917501643082
0.9470792579518182,0.05292074204818164
0.9349300803277374,0.06506991967226262
0.9469637153339651,0.05303628466603484
0.9518514435639269,0.04814855643607314
0.9842335929320215,0.01576640706797842
0.9555359642889165,0.0444640357110836
0.932044312594547,0.06795568740545302
0.9528607516711165,0.04713924832888362
0.9687517992595963,0.03124820074040362
0.9335700040419258,0.06642999595807425
0.9477633197821789,0.052236680217821164
0.9256609139984335,0.07433908600156647
0.665883003848708,0.334116996151292
0.9621834963777173,0.03781650362228267
0.9710029984105853,0.028997001589414616
0.9715063803035239,0.02849361969647625
0.9787284659947687,0.021271534005231407
0.9538766641592369,0.046123335840763065
0.9617427018105345,0.03825729818946546
0.8985356964955554,0.10146430350444467
0.8770999023725756,0.1229000976274243
0.8877146915204209,0.11228530847957902
0.9682113749878242,0.031788625012175796
0.9547392240952669,0.04526077590473315
0.9185335686506603,0.08146643134933966
0.8652033697872054,0.1347966302127946
0.9714388446796424,0.028561155320357492
0.9152576540094934,0.0847423459905066
0.935894339838336,0.06410566016166408
0.8366375789270362,0.16336242107296392
0.9436055738831792,0.05639442611682088
0.9402649025893451,0.059735097410654935
0.9056501759247423,0.09434982407525767
0.8877146915204209,0.11228530847957902
0.9314006283353613,0.06859937166463871
0.9382299529648536,0.0617700470351463
0.9845683639292997,0.01543163607070027
0.9777801208168161,0.02221987918318403
0.9684110699510808,0.03158893004891911
0.9048485336373823,0.09515146636261769
0.8621342162649616,0.1378657837350385
0.8622402238248766,0.1377597761751233
0.8452926671156066,0.1547073328843934
0.9269008072609566,0.07309919273904347
0.9863299736972765,0.013670026302723516
0.9834036414988913,0.016596358501108736
0.972608654574517,0.027391345425483098
0.95911378853387,0.04088621146613
0.9859320774389547,0.01406792256104525
0.8895953875085743,0.11040461249142582
0.9853657500861506,0.01463424991384932
0.9590623799102919,0.0409376200897082
0.8658473997776914,0.13415260022230865
0.974888374627794,0.02511162537220612
0.9959239547224357,0.004076045277564336
0.9468999208480613,0.05310007915193875
0.9722678189516872,0.027732181048312814
0.9894553426011901,0.010544657398809857
0.9509598599524443,0.04904014004755575
0.8326370252220139,0.16736297477798603
0.8973240478289486,0.10267595217105151
0.8150407516602984,0.18495924833970165
0.8452926671156066,0.1547073328843934
0.9183075218323264,0.08169247816767362
0.8877146915204209,0.11228530847957902
0.8824622385787093,0.1175377614212907
0.8841252247443845,0.11587477525561551
0.9145094166995735,0.08549058330042648
0.9712328400485206,0.02876715995147946
0.9721186833328572,0.027881316667142837
0.9854508736577412,0.014549126342258746
0.8625578356221121,0.13744216437788798
0.9871153401530204,0.012884659846979594
0.8978513092067492,0.1021486907932509
0.8876850451899168,0.1123149548100833
0.9025574637664303,0.09744253623356959
0.9835627379711587,0.016437262028841382
0.9737368431623707,0.026263156837629156
0.9744707892730972,0.02552921072690273
0.9384352740071973,0.061564725992802695
0.936462858032171,0.06353714196782896
0.8877146915204209,0.11228530847957902
0.9632328269758617,0.036767173024138344
0.9774606148205308,0.022539385179469216
0.8876850451899168,0.1123149548100833
0.9187053469020171,0.08129465309798287
0.9506098572889513,0.04939014271104862
0.9537447834560365,0.04625521654396342
0.9826518294593534,0.017348170540646596
0.8440633837152607,0.15593661628473923
0.9627026279060256,0.03729737209397455
0.8876850451899168,0.1123149548100833
0.8959911696656429,0.10400883033435725
0.8672138050660259,0.13278619493397426
0.8968284298570989,0.1031715701429012
0.8957772013217468,0.10422279867825314
0.7769744755684749,0.22302552443152504
0.8993685710001629,0.10063142899983718
0.8957373356499956,0.10426266435000445
0.8954992854645062,0.10450071453549371
0.8896094879049457,0.11039051209505435
0.8747196767796853,0.1252803232203148
0.8893954008013204,0.11060459919867968
0.9377748579010275,0.06222514209897243
0.8898542678619497,0.11014573213805029
0.9213007103697398,0.0786992896302603
0.94753357625467,0.052466423745329956
0.8621342162649616,0.1378657837350385
0.8895955114526395,0.11040448854736047
0.8747196767796853,0.1252803232203148
0.9392670182883511,0.06073298171164888
0.978471753461714,0.021528246538286066
0.9528933089104092,0.04710669108959072
0.9540075378174527,0.0459924621825472
0.9749326938481359,0.025067306151864033
0.9793558290016954,0.02064417099830453
0.9847270409797236,0.015272959020276396
0.9714592390629317,0.02854076093706836
0.8747196767796853,0.1252803232203148
0.972350528390144,0.02764947160985598
0.8864823420000144,0.11351765799998569
0.9566401784804526,0.043359821519547384
0.9605162666332432,0.03948373336675684
0.9302111999088327,0.0697888000911672
0.9426589749156629,0.05734102508433716
0.9193962116598742,0.08060378834012592
0.9703199722460701,0.029680027753929895
0.9593946163978617,0.04060538360213816
0.9353829481493862,0.06461705185061374
0.9171863931214471,0.0828136068785529
0.9754504804009094,0.024549519599090543
0.9703832542873562,0.029616745712643715
0.8873839822702665,0.11261601772973362
0.9839849405312492,0.016015059468750894
0.9840347416890112,0.015965258310988734
0.8873839822702665,0.11261601772973362
0.91392751113421,0.08607248886579007
0.968485859415198,0.031514140584801835
0.9616665185285808,0.03833348147141922
0.9641556780743298,0.035844321925670185
0.8892855978611863,0.11071440213881364
0.9734380777293943,0.026561922270605765
0.9573721762137494,0.04262782378625072
0.9097730610006801,0.09022693899931998
0.9110008622008583,0.08899913779914165
0.8855064249183577,0.11449357508164214
0.8886041760372435,0.11139582396275649
0.9630690437829257,0.03693095621707435
0.8850788331433934,0.11492116685660651
0.983820840294652,0.016179159705348015
0.9780795441162353,0.021920455883764723
0.8552429897069487,0.14475701029305138
0.9543884501513937,0.045611549848606214
0.8747196767796853,0.1252803232203148
0.9504056304226122,0.04959436957738777
0.9644269493917705,0.03557305060822951
0.9220288768729281,0.07797112312707194
0.9779159083658824,0.022084091634117682
0.9277962361281797,0.07220376387182038
0.9692350484106086,0.030764951589391354
0.9118505338493761,0.08814946615062398
0.9258460613559846,0.07415393864401545
0.9574098281498191,0.0425901718501809
0.8873839822702665,0.11261601772973362
0.9747481020956291,0.025251897904370792
0.8690526163374542,0.13094738366254585
0.9703743071851939,0.029625692814806082
0.8893330363665227,0.11066696363347721
0.9444858591601271,0.055514140839872966
0.9832931591578694,0.01670684084213051
0.8893421512638289,0.1106578487361711
0.893006575741991,0.10699342425800894
0.9797563186539917,0.020243681346008364
0.9764340998542553,0.02356590014574463
0.8873839822702665,0.11261601772973362
0.8891742897136629,0.11082571028633711
0.9156570452480349,0.0843429547519651
0.9316456199061383,0.06835438009386169
0.9720752851836849,0.027924714816315113
0.9816604483172827,0.018339551682717423
0.979869302004923,0.020130697995076982
0.8734555260763381,0.12654447392366186
0.9005541630778008,0.09944583692219928
0.9029846187994146,0.0970153812005855
0.8876850451899168,0.1123149548100833
0.9367517949368167,0.06324820506318318
0.9899298363070949,0.01007016369290517
0.9810106033535355,0.01898939664646442
0.864171581562257,0.13582841843774301
0.9243410772672966,0.07565892273270328
0.8479874766075569,0.152012523392443
0.9780491454073555,0.02195085459264441
0.9110190774862068,0.08898092251379328
0.8877146915204209,0.11228530847957902
0.8877146915204209,0.11228530847957902
0.8747196767796853,0.1252803232203148
0.884634764346809,0.11536523565319104
0.8866755328303895,0.11332446716961048
0.8214697478902278,0.17853025210977233
0.8733074563266532,0.12669254367334687
0.9217701827868998,0.0782298172131002
0.8877146915204209,0.11228530847957902
0.9389316931185896,0.06106830688141038
0.8066940710057019,0.19330592899429813
0.8814528192645665,0.11854718073543355
0.9443052869704379,0.05569471302956212
0.8767457545920017,0.12325424540799844
0.9190400616309821,0.08095993836901781
0.942968811630054,0.057031188369946084
0.978442397640784,0.0215576023592161
0.9646350071904557,0.03536499280954427
0.9717333938092962,0.02826660619070383
0.9725755831678965,0.027424416832103612
0.968771038216188,0.0312289617838121
0.9768939245135332,0.023106075486466825
0.9502661135925127,0.0497338864074873
0.8924942223273732,0.10750577767262676
0.7937647454513159,0.2062352545486841
0.9072278725639276,0.09277212743607247
0.8901875380877723,0.10981246191222768
0.8877146915204209,0.11228530847957902
0.8897492780035711,0.11025072199642888
0.8959164006848949,0.10408359931510522
0.9417413145131268,0.05825868548687313
0.6783523096970382,0.3216476903029618
0.9143948530973401,0.08560514690265975
0.9184081356208276,0.08159186437917249
0.8890981753299617,0.11090182467003831
0.8898757976691425,0.11012420233085753
0.8895495779103736,0.11045042208962655
0.8785418803790691,0.12145811962093085
0.8876850451899168,0.1123149548100833
0.8785418803790691,0.12145811962093085
0.8898124141171467,0.11018758588285327
0.8890705531091843,0.1109294468908157
0.9306017704799334,0.06939822952006652
0.8747196767796853,0.1252803232203148
0.8904614382257375,0.10953856177426252
0.8894817565237293,0.11051824347627076
0.8963779780589745,0.10362202194102554
0.8956977730591918,0.10430222694080821
0.9308790198998027,0.0691209801001972
0.8968220025705629,0.10317799742943716
0.8957432952641553,0.10425670473584468
0.8785418803790691,0.12145811962093085
0.8873839822702665,0.11261601772973362
0.8785418803790691,0.12145811962093085
0.8997777895912684,0.10022221040873154
0.8957672888946551,0.10423271110534502
0.8954333132115097,0.1045666867884903
0.8884967638053571,0.11150323619464282
0.8897957479336396,0.11020425206636048
0.8903701868052945,0.10962981319470565
0.9248525316750138,0.0751474683249861
0.8894091217014007,0.11059087829859933
0.8963966431513879,0.10360335684861217
0.9255328759074085,0.07446712409259158
0.9441568770996059,0.055843122900394095
0.8894576606112186,0.11054233938878144
0.8305520488815032,0.16944795111849678
0.8841075220641347,0.11589247793586537
0.8877146915204209,0.11228530847957902
0.785375040931045,0.21462495906895487
0.8317721169363927,0.16822788306360717
0.9016408822187554,0.09835911778124462
0.8877146915204209,0.11228530847957902
0.8093401731701191,0.19065982682988097
0.8747196767796853,0.1252803232203148
0.8915855054166137,0.10841449458338613
0.8866645273223465,0.11333547267765344
0.8868309103679312,0.11316908963206888
0.8900456374805059,0.10995436251949417
0.8111640300501435,0.18883596994985657
0.8866645273223465,0.11333547267765344
0.8909770016019267,0.10902299839807326
0.8873839822702665,0.11261601772973362
0.9489615035350921,0.05103849646490793
0.9337978919748051,0.0662021080251948
0.8873839822702665,0.11261601772973362
0.8889366363640185,0.11106336363598146
0.947356432454971,0.052643567545029
0.933423543780691,0.06657645621930898
0.9268762083609728,0.07312379163902713
0.9617813589963389,0.03821864100366108
0.9665821387108964,0.03341786128910361
0.8891786937549209,0.11082130624507924
0.970628901250252,0.029371098749748036
0.967966402208079,0.03203359779192116
0.9391276151861289,0.06087238481387103
0.9627436723537371,0.03725632764626284
0.9547446329503578,0.045255367049642115
0.8949288506623446,0.10507114933765538
0.9473299115700613,0.05267008842993865
0.8871332618089731,0.11286673819102683
0.9408135310240914,0.059186468975908686
0.9640917315911557,0.035908268408844306
0.961419716210742,0.03858028378925804
0.9630583006866705,0.036941699313329524
0.9334924349964883,0.06650756500351174
0.9427837561853089,0.057216243814691224
0.9620176459119849,0.03798235408801508
0.9427529539061,0.057247046093900036
0.8838882752912924,0.11611172470870745
0.9503046821915005,0.04969531780849933
0.9698212245473613,0.030178775452638643
0.9637031604227941,0.036296839577205885
0.8087204427392267,0.19127955726077323
0.9456750004560937,0.054324999543906356
0.9486134633643558,0.051386536635644076
0.9758854880335093,0.02411451196649064
0.8951423328244508,0.10485766717554926
0.9509059450523274,0.04909405494767256
0.8747196767796853,0.1252803232203148
0.8877146915204209,0.11228530847957902
0.8956354793377715,0.10436452066222854
0.971634450763516,0.028365549236484013
0.9812322237282907,0.018767776271709297
0.9790241347980458,0.02097586520195415
0.890835725056366,0.1091642749436341
0.8917614373854209,0.1082385626145791
0.9839382042944694,0.01606179570553064
0.9222486882467263,0.07775131175327356
0.9780384225176093,0.021961577482390558
0.9434347836387459,0.056565216361254105
0.9884419357430857,0.011558064256914214
0.9077544544063759,0.09224554559362404
0.8747196767796853,0.1252803232203148
0.9889338032021886,0.011066196797811343
0.9891334769859699,0.010866523014030169
0.8877146915204209,0.11228530847957902
0.8747196767796853,0.1252803232203148
0.960791349362763,0.039208650637236976
0.884763901124385,0.11523609887561498
0.9772395575466926,0.02276044245330755
0.8934474125234256,0.10655258747657426
0.9783627194856717,0.021637280514328255
0.9198395685696662,0.08016043143033384
0.9792786728561185,0.020721327143881637
0.8844820705054586,0.11551792949454144
0.8844820705054586,0.11551792949454144
0.9673323891726401,0.032667610827360034
0.8906604071243905,0.1093395928756095
0.9698659540923065,0.030134045907693557
0.9564749422868074,0.04352505771319266
0.9638868603064207,0.03611313969357934
0.8844820705054586,0.11551792949454144
0.8877146915204209,0.11228530847957902
0.8844820705054586,0.11551792949454144
0.8187738814408471,0.18122611855915297
0.884763901124385,0.11523609887561498
0.9776507819673808,0.02234921803261925
0.9820832604617148,0.017916739538285112
0.8877146915204209,0.11228530847957902
0.9519063170591123,0.04809368294088759
0.9781764330812951,0.02182356691870484
0.9806471753292059,0.019352824670794105
0.8747196767796853,0.1252803232203148
0.9613424184128295,0.038657581587170524
0.8868088023188202,0.11319119768117988
0.9647427586153426,0.03525724138465733
0.9746484076483924,0.02535159235160765
0.9670668657180556,0.032933134281944484
0.979120029108638,0.02087997089136199
0.9783061059956569,0.02169389400434295
0.9614562136748627,0.03854378632513733
0.9812703650209902,0.01872963497900976
0.9529231326062356,0.04707686739376423
0.9476597482140051,0.052340251785994996
0.8102343257312781,0.18976567426872198
0.889518890751989,0.110481109248011
0.8893235500612119,0.11067644993878804
0.8682573306108232,0.13174266938917673
0.8899432965410948,0.11005670345890517
0.8814410798424265,0.11855892015757354
0.8866645273223465,0.11333547267765344
0.896372680014432,0.10362731998556787
0.8877146915204209,0.11228530847957902
0.8894364479598736,0.11056355204012626
0.8876850451899168,0.1123149548100833
0.8312878368811166,0.16871216311888332
0.8951186471921542,0.1048813528078458
0.8877146915204209,0.11228530847957902
0.8877146915204209,0.11228530847957902
0.8896239618824565,0.11037603811754339
0.8827927482327143,0.11720725176728579
0.8893141558779784,0.11068584412202163
0.8954872355868185,0.10451276441318146
0.889484532255006,0.11051546774499399
0.896641842301419,0.10335815769858113
0.8956858489314575,0.10431415106854244
0.8904326101168438,0.10956738988315615
0.888810757534091,0.1111892424659091
0.8873839822702665,0.11261601772973362
0.8953204196582979,0.10467958034170212
0.8954927850250443,0.10450721497495578
0.8952564659560499,0.10474353404395013
0.889457771662841,0.11054222833715903
0.8894668220416251,0.11053317795837492
0.884763901124385,0.11523609887561498
0.8952945450493189,0.1047054549506811
0.8896009469238125,0.11039905307618743
0.8895605080601833,0.11043949193981666
0.947650042993526,0.052349957006474095
0.8947305304952791,0.10526946950472096
0.8877146915204209,0.11228530847957902
0.8907278882165409,0.10927211178345912
0.8866295692402625,0.11337043075973752
0.8713083135897897,0.12869168641021042
0.9240054897381518,0.07599451026184818
0.8877146915204209,0.11228530847957902
0.9248893445231052,0.0751106554768948
0.8887089525606244,0.11129104743937568
0.8876850451899168,0.1123149548100833
0.9476996820044206,0.05230031799557947
0.8887448621657472,0.11125513783425285
0.8873839822702665,0.11261601772973362
0.9424921234701193,0.05750787652988057
0.9558446670879432,0.044155332912056755
0.9170847176330622,0.08291528236693774
0.8736823025654491,0.1263176974345509
0.9699393112107713,0.030060688789228743
0.9160217612305515,0.08397823876944853
0.8652818048946146,0.13471819510538544
0.7506171199698549,0.249382880030145
0.9583252545085539,0.04167474549144614
0.9794022097516439,0.020597790248356073
0.975239424834251,0.024760575165749064
0.961880734722851,0.03811926527714914
0.947642996973041,0.05235700302695898
0.9594785099820082,0.04052149001799181
0.9539545799235474,0.04604542007645252
0.8997867457207552,0.10021325427924475
0.9149411447847194,0.08505885521528057
0.8747196767796853,0.1252803232203148
0.8311818090429286,0.16881819095707137
0.8833877267552848,0.11661227324471526
0.9456665665484975,0.05433343345150251
0.8825857176805425,0.11741428231945754
0.9283196192465637,0.07168038075343618
0.8994170456609238,0.10058295433907613
0.8188249702105818,0.18117502978941827
0.884763901124385,0.11523609887561498
0.8893138223438476,0.11068617765615239
0.8894239519291159,0.11057604807088409
0.8161957762197458,0.18380422378025413
0.8876850451899168,0.1123149548100833
0.8904576136430797,0.10954238635692022
0.8894340599251378,0.11056594007486224
0.889024261256166,0.11097573874383403
0.8964414834840072,0.10355851651599277
0.8956777757188148,0.10432222428118516
0.8967946173145134,0.10320538268548667
0.8955865575738647,0.10441344242613528
0.9004913893483655,0.09950861065163456
0.8955547624844575,0.10444523751554245
0.8955203169593411,0.10447968304065883
0.8865602888812745,0.11343971111872547
0.8895954559874399,0.11040454401256018
0.8895789262705711,0.110421073729429
0.8894206749874991,0.1105793250125008
0.889509677598209,0.11049032240179096
0.8952922588674391,0.10470774113256084
0.8820103784893836,0.11798962151061636
0.8309665895113276,0.16903341048867243
0.8321874250322295,0.16781257496777036
0.8906472467745385,0.10935275322546141
0.8310725541116771,0.16892744588832295
0.9075716640063134,0.09242833599368662
0.9527020068413923,0.04729799315860778
0.7963641109430402,0.20363588905695987
0.9081739254077287,0.09182607459227128
0.8896117617049613,0.11038823829503878
0.8894993536265604,0.11050064637343947
0.8853970037362626,0.11460299626373738
0.8177722188278718,0.1822277811721282
0.880355607176301,0.11964439282369896
0.9517461821116988,0.04825381788830122
0.9466725210621736,0.05332747893782645
0.8944477812516254,0.1055522187483747
0.9677883489838622,0.03221165101613783
0.8888562681650846,0.11114373183491548
0.8158971453884556,0.18410285461154438
0.888843156798486,0.11115684320151405
0.889081636134697,0.1109183638653029
0.8888285374241277,0.1111714625758723
0.8625225758449817,0.13747742415501832
0.9337131372523538,0.06628686274764627
0.9221055581934825,0.07789444180651744
0.9454621516372909,0.05453784836270906
0.8877146915204209,0.11228530847957902
0.8877146915204209,0.11228530847957902
0.9594504203494905,0.04054957965050951
0.9516680685131773,0.048331931486822736
0.9608609407747475,0.0391390592252525
0.9665836121003748,0.03341638789962512
0.9645793108897578,0.03542068911024234
0.9701293410696574,0.02987065893034261
0.8773529675427686,0.12264703245723141
0.8785418803790691,0.12145811962093085
0.8208392979960825,0.1791607020039176
0.8785418803790691,0.12145811962093085
0.9304858396729166,0.06951416032708321
0.8909131720588215,0.1090868279411786
0.8785418803790691,0.12145811962093085
0.8304183803641112,0.1695816196358888
0.883177920992518,0.11682207900748197
0.8877146915204209,0.11228530847957902
0.8313566557703397,0.16864334422966037
0.83016535670668,0.16983464329331996
0.8865607950654099,0.11343920493459009
0.8040528147082566,0.19594718529174332
0.8899618800256696,0.11003811997433044
0.8811814698986872,0.11881853010131282
0.8917852434318214,0.10821475656817861
0.889771158118359,0.11022884188164087
0.8117142450325501,0.18828575496744993
0.8894536071601373,0.11054639283986266
0.8894015115077171,0.11059848849228292
0.8982845254006844,0.1017154745993156
0.8897019596350798,0.11029804036492029
0.8895682196262926,0.11043178037370739
0.8209710131089066,0.17902898689109337
0.884763901124385,0.11523609887561498
0.8812807684518495,0.11871923154815041
0.8312438317702975,0.16875616822970263
0.8868031946659113,0.11319680533408863
0.8904486165062379,0.10955138349376212
0.88933737158258,0.11066262841741997
0.8893390389337779,0.11066096106622215
0.8877146915204209,0.11228530847957902
0.8877146915204209,0.11228530847957902
0.8889433352734765,0.11105666472652348
0.8176769230456895,0.18232307695431038
0.8888068284561023,0.11119317154389771
0.8889495150853011,0.11105048491469888
0.8924913609548354,0.10750863904516474
0.8890853032059691,0.11091469679403095
0.8888630743834997,0.1111369256165003
0.8153821351659254,0.18461786483407466
0.8889798390326582,0.11102016096734166
0.8889509088079336,0.11104909119206643
0.8811828889552332,0.11881711104476672
0.8811760891760831,0.11882391082391693
0.8914127438347517,0.10858725616524827
0.8877146915204209,0.11228530847957902
0.8740310900583557,0.12596890994164447
0.8860038692113353,0.11399613078866475
0.7925930949045559,0.20740690509544418
0.8712137270356496,0.1287862729643505
0.848568489873066,0.15143151012693412
0.7925188493070052,0.20748115069299478
0.8877146915204209,0.11228530847957902
0.8716018469300001,0.12839815306999997
0.791782759378368,0.2082172406216321
0.8732004824662998,0.12679951753370022
0.9403931453903602,0.05960685460963978
0.9405735235057111,0.05942647649428893
0.8877146915204209,0.11228530847957902
0.8877146915204209,0.11228530847957902
0.9402602060063598,0.05973979399364017
0.9332957032988183,0.06670429670118173
0.825576599851954,0.17442340014804616
0.8938471636177752,0.10615283638222497
0.8677730483563649,0.132226951643635
0.9395026084589139,0.06049739154108601
0.8877146915204209,0.11228530847957902
0.8897223105771934,0.11027768942280651
0.8727985233964581,0.1272014766035419
0.9402972867349843,0.059702713265015805
0.8897025692353481,0.11029743076465193
0.8877146915204209,0.11228530847957902
0.8623929863322298,0.13760701366777014
0.8877146915204209,0.11228530847957902
0.8877146915204209,0.11228530847957902
0.8877146915204209,0.11228530847957902
0.8897122116106384,0.11028778838936154
0.8900773014763614,0.10992269852363852
0.8877146915204209,0.11228530847957902
0.8876850451899168,0.1123149548100833
0.8877146915204209,0.11228530847957902
0.8900186090050073,0.10998139099499273
0.8316673300369984,0.16833266996300159
0.8925895297685683,0.10741047023143165
0.8873839822702665,0.11261601772973362
0.8169789178402154,0.18302108215978474
0.8877146915204209,0.11228530847957902
0.8896958080490266,0.11030419195097348
0.8897953049164258,0.11020469508357422
0.815328819367334,0.18467118063266594
0.8827076810480833,0.11729231895191668
0.8812509273301772,0.11874907266982292
0.8318836701497878,0.16811632985021216
0.8811950094657236,0.11880499053427644
0.8890785173913416,0.11092148260865843
0.8811913438631988,0.11880865613680125
0.8844820705054586,0.11551792949454144
0.8844820705054586,0.11551792949454144
0.8904465925206292,0.10955340747937083
0.8848421642080557,0.11515783579194418
0.8812397573998931,0.11876024260010684
0.8747196767796853,0.1252803232203148
0.8844820705054586,0.11551792949454144
0.8844820705054586,0.11551792949454144
0.8186196696470264,0.18138033035297368
0.8136232736094682,0.1863767263905319
0.8152350437320478,0.18476495626795228
0.25765874067486233,0.7423412593251376
0.8812501590572072,0.11874984094279291
0.8288502457311476,0.1711497542688523
0.8898467952159268,0.11015320478407324
0.8889009482314801,0.11109905176851978
0.887048366433728,0.11295163356627191
0.8889448320651365,0.11105516793486345
0.8813804084852284,0.11861959151477162
0.8887462022969054,0.11125379770309457
0.8894268315414346,0.11057316845856542
0.8897034559213787,0.11029654407862133
0.8953845504708604,0.10461544952913956
0.8438681495277749,0.1561318504722251
0.8784316303420133,0.1215683696579866
0.8873319684945512,0.11266803150544871
0.8598397825653213,0.1401602174346787
0.8812968386048011,0.11870316139519892
0.9156519738355542,0.0843480261644459
0.8877146915204209,0.11228530847957902
0.8791886605002186,0.12081133949978148
0.8873839822702665,0.11261601772973362
0.8825298176589405,0.11747018234105952
0.9158314745736226,0.08416852542637747
0.8178282270133385,0.1821717729866615
0.889524718001871,0.11047528199812895
0.8722370200537064,0.12776297994629357
0.8718668022547764,0.12813319774522353
0.8784534589948563,0.12154654100514374
0.8739801939829913,0.12601980601700868
0.8812956570400245,0.11870434295997549
0.8866295692402625,0.11337043075973752
0.8877146915204209,0.11228530847957902
0.8785418803790691,0.12145811962093085
0.868730532270748,0.13126946772925194
0.883177920992518,0.11682207900748197
0.9279147853359994,0.07208521466400061
0.8785418803790691,0.12145811962093085
0.8877146915204209,0.11228530847957902
0.888320650637882,0.11167934936211789
0.8785418803790691,0.12145811962093085
0.868730532270748,0.13126946772925194
0.930629063129843,0.06937093687015702
0.890445589067804,0.10955441093219587
0.868730532270748,0.13126946772925194
0.8877146915204209,0.11228530847957902
0.8784534589948563,0.12154654100514374
0.9009716956776568,0.09902830432234314
0.8877146915204209,0.11228530847957902
0.8877146915204209,0.11228530847957902
0.883177920992518,0.11682207900748197
0.8785418803790691,0.12145811962093085
0.8315038917302253,0.1684961082697747
0.8814358377028383,0.11856416229716171
0.8243861999346197,0.1756138000653803
0.8893732331215626,0.1106267668784374
0.830640174130044,0.1693598258699561
0.8812641054968838,0.11873589450311607
0.8781770719091969,0.12182292809080311
0.8062298834565771,0.19377011654342288
0.8812339652263002,0.11876603477369999
0.8849327122961514,0.11506728770384848
0.8855498469824629,0.11445015301753712
0.8004489521093727,0.1995510478906273
0.8861120121175601,0.11388798788243984
0.8855498469824629,0.11445015301753712
0.8855498469824629,0.11445015301753712
0.8148380420531179,0.1851619579468821
0.8897168108743371,0.11028318912566294
0.8879744737531868,0.11202552624681314
0.8876850451899168,0.1123149548100833
0.8812332559637571,0.11876674403624292
0.8873839822702665,0.11261601772973362
0.8308016069492753,0.16919839305072457
0.8315098855921866,0.16849011440781347
0.884763901124385,0.11523609887561498
0.8240282094638186,0.17597179053618148
0.832475001696315,0.167524998303685
0.8955697632267409,0.10443023677325922
0.8895349844062391,0.11046501559376079
0.8892694459828491,0.11073055401715098
0.8818461648440495,0.11815383515595052
0.800285448223828,0.1997145517761721
0.8128785933161988,0.18712140668380123
0.8847687340173447,0.11523126598265523
0.8917468156956956,0.10825318430430443
0.8156621157776566,0.18433788422234335
0.8860761901899378,0.11392380981006218
0.8811296051491603,0.11887039485083963
0.8877146915204209,0.11228530847957902
0.8209125906315973,0.1790874093684028
0.8936284494360719,0.10637155056392812
0.8666911604705082,0.1333088395294918
0.8884687462222758,0.11153125377772423
0.9204892250736278,0.0795107749263722
0.8627031842249155,0.13729681577508437
0.8302568199763661,0.1697431800236339
0.9451595323897448,0.0548404676102553
0.897234093561724,0.10276590643827604
0.8877146915204209,0.11228530847957902
0.889617695575184,0.11038230442481595
0.8895156162744048,0.11048438372559524
0.8163679335541342,0.18363206644586585
0.8953313751509037,0.1046686248490963
0.8147806593148148,0.1852193406851851
0.8239627174251026,0.17603728257489729
0.8280737169545347,0.1719262830454652
0.8815551099953618,0.11844489000463825
0.8861190983180892,0.11388090168191081
0.8896370480325254,0.11036295196747467
0.8814793167778661,0.11852068322213391
0.8829971061348338,0.11700289386516625
0.8906814585654642,0.10931854143453583
0.2330085508750699,0.7669914491249301
0.6340185684018529,0.36598143159814717
0.8820038548183339,0.11799614518166616
0.82525795147996,0.17474204852004002
0.8319615990404815,0.16803840095951852
0.8286122426349701,0.1713877573650299
0.8846915772158658,0.11530842278413421
0.8803242797918919,0.11967572020810807
0.3669952725156577,0.6330047274843422
0.8866295692402625,0.11337043075973752
0.8897076026020341,0.110292397397966
0.8866295692402625,0.11337043075973752
0.8231597489903905,0.17684025100960948
0.8898533726724324,0.1101466273275676
0.8283618204472802,0.1716381795527198
0.8861246356450435,0.11387536435495642
0.8829710821493194,0.11702891785068054
0.8815494490731796,0.11845055092682046
0.8784534589948563,0.12154654100514374
0.8893393382815129,0.1106606617184871
0.8785418803790691,0.12145811962093085
0.883177920992518,0.11682207900748197
0.9277764032114753,0.07222359678852469
0.8785418803790691,0.12145811962093085
0.8257201768290219,0.17427982317097807
0.9305355984811722,0.06946440151882792
0.8785418803790691,0.12145811962093085
0.8784534589948563,0.12154654100514374
0.8785418803790691,0.12145811962093085
0.8895469700696781,0.11045302993032197
0.883177920992518,0.11682207900748197
0.8954836415260538,0.10451635847394632
0.833340651407877,0.16665934859212286
0.8317421831332442,0.16825781686675567
0.8166431964685117,0.18335680353148837
0.8896204683159521,0.1103795316840479
0.8137915250197332,0.1862084749802669
0.818523819431302,0.18147618056869802
0.8892880999041765,0.11071190009582342
0.8814913521223541,0.1185086478776459
0.8877146915204209,0.11228530847957902
0.8797669660041268,0.12023303399587312
0.8829396249370306,0.11706037506296949
0.8877146915204209,0.11228530847957902
0.8861118838935533,0.11388811610644677
0.8904478927072691,0.10955210729273081
0.8245101916604862,0.17548980833951372
0.8844820705054586,0.11551792949454144
0.8844820705054586,0.11551792949454144
0.8844820705054586,0.11551792949454144
0.8844820705054586,0.11551792949454144
0.8166207743445996,0.1833792256554005
0.8247748386245181,0.17522516137548189
0.8319446523185691,0.168055347681431
0.8310865680539303,0.16891343194606961
0.8159153522761232,0.1840846477238769
0.8309709294266724,0.16902907057332764
0.8897266737889581,0.11027332621104198
0.8897460649068697,0.11025393509313025
0.8953444992387662,0.10465550076123366
0.8896492457620201,0.11035075423797994
0.8861505598428164,0.1138494401571835
0.8877146915204209,0.11228530847957902
0.8906692370957701,0.10933076290422997
0.8877146915204209,0.11228530847957902
0.8174227298977473,0.1825772701022526
0.8815538716886463,0.1184461283113536
0.8630614826589595,0.13693851734104043
0.8057735375556563,0.19422646244434358
0.8108015181928415,0.1891984818071585
0.8946509299841964,0.10534907001580374
0.8229048096652734,0.17709519033472668
0.8814261480176828,0.11857385198231722
0.9388331256911377,0.06116687430886216
0.9230104774535708,0.07698952254642925
0.8678092115890355,0.13219078841096457
0.9637861949677277,0.036213805032272325
0.8877146915204209,0.11228530847957902
0.8877146915204209,0.11228530847957902
0.5838307186099267,0.41616928139007336
0.8861192202537187,0.11388077974628127
0.8219413864412233,0.17805861355877678
0.8896606566213182,0.1103393433786818
0.8846705437259127,0.11532945627408739
0.8866295692402625,0.11337043075973752
0.8284337864879318,0.1715662135120682
0.8896415850151344,0.1103584149848657
0.8241860009763395,0.17581399902366054
0.8953536534879627,0.1046463465120374
0.8303984603852722,0.16960153961472774
0.8300983257723266,0.1699016742276734
0.8814951276987036,0.11850487230129625
0.8897309400912317,0.11026905990876842
0.8815468544055759,0.11845314559442403
0.8815447904303035,0.11845520956969642
0.816431703384769,0.18356829661523102
0.886114917350323,0.1138850826496771
0.8289985459827939,0.1710014540172061
0.8139290680084849,0.18607093199151511
0.8904453814491075,0.10955461855089249
0.8785418803790691,0.12145811962093085
0.883177920992518,0.11682207900748197
0.8784534589948563,0.12154654100514374
0.8785418803790691,0.12145811962093085
0.4142654047429895,0.5857345952570105
0.8785418803790691,0.12145811962093085
0.9278237450870374,0.0721762549129626
0.8785418803790691,0.12145811962093085
0.817822668422598,0.182177331577402
0.8893338144931748,0.11066618550682522
0.889341317611509,0.11065868238849097
0.8877146915204209,0.11228530847957902
0.8183573132094293,0.18164268679057077
0.8308543885949704,0.16914561140502946
0.8233648219212633,0.1766351780787368
0.8873839822702665,0.11261601772973362
0.8138750683285455,0.18612493167145458
0.8896441450369909,0.11035585496300923
0.8863638854596878,0.11363611454031215
0.89062488505355,0.10937511494645001
0.8815276287447376,0.11847237125526243
0.8326870317192964,0.16731296828070352
0.8291522955356262,0.17084770446437383
0.9317886841923472,0.06821131580765293
0.820988727757782,0.17901127224221813
0.8877146915204209,0.11228530847957902
0.8877146915204209,0.11228530847957902
0.81641709840306,0.18358290159693996
0.8311037546502196,0.16889624534978046
0.8877146915204209,0.11228530847957902
0.8150251577114402,0.18497484228855965
0.884763901124385,0.11523609887561498
0.892387517879303,0.10761248212069704
0.8925478608994537,0.10745213910054635
0.8123163020375206,0.1876836979624794
0.8747196767796853,0.1252803232203148
0.8941946978400032,0.10580530215999694
0.892385443355485,0.10761455664451493
0.8861142582598438,0.1138857417401562
0.8877146915204209,0.11228530847957902
0.8965100457614678,0.1034899542385322
0.8600447889808257,0.1399552110191743
0.831846932857811,0.16815306714218897
0.8878445424695535,0.11215545753044656
0.8953234894153422,0.1046765105846577
0.8861386095018726,0.11386139049812741
0.8243164909942862,0.1756835090057139
0.8866295692402625,0.11337043075973752
0.8311724707153278,0.16882752928467207
0.8896897574316532,0.11031024256834676
0.8866295692402625,0.11337043075973752
0.8897805087505044,0.11021949124949557
0.8837074675857342,0.11629253241426585
0.8815042712412562,0.11849572875874373
0.8854378554547809,0.114562144545219
0.8919464733717754,0.10805352662822472
0.8844820705054586,0.11551792949454144
0.8844820705054586,0.11551792949454144
0.8844820705054586,0.11551792949454144
0.8844820705054586,0.11551792949454144
0.882941317626784,0.11705868237321607
0.8815157735403122,0.11848422645968776
0.8893434102072036,0.11065658979279631
0.8180932468082037,0.18190675319179625
0.8312953327455198,0.16870466725448022
0.8861296547757241,0.11387034522427579
0.8309924566706787,0.16900754332932139
0.8877146915204209,0.11228530847957902
0.8136290369646086,0.1863709630353914
0.8829590604071073,0.11704093959289265
0.8815254465205365,0.11847455347946352
0.883850673157016,0.11614932684298401
0.8815159504912103,0.11848404950878969
0.8897143981741561,0.11028560182584396
0.895568231548057,0.10443176845194295
0.8861925396634267,0.11380746033657328
0.8247720906622108,0.17522790933778926
0.8785418803790691,0.12145811962093085
0.8933193038434027,0.10668069615659714
0.9277623353777483,0.07223766462225167
0.8785418803790691,0.12145811962093085
0.9305753086834888,0.0694246913165113
0.8785418803790691,0.12145811962093085
0.9305040640037853,0.06949593599621477
0.8288542916368237,0.1711457083631763
0.881920194850574,0.11807980514942593
0.9280102560381273,0.07198974396187276
0.8785418803790691,0.12145811962093085
0.8120949992601895,0.1879050007398105
0.8319419938855056,0.16805800611449442
0.831171632819331,0.168828367180669
0.8154744256357357,0.1845255743642643
0.8248160539865474,0.17518394601345255
0.8861157913256011,0.11388420867439872
0.8292696040020495,0.17073039599795042
0.9533178470483206,0.046682152951679386
0.9491198605402723,0.05088013945972766
0.9546723713931861,0.04532762860681405
0.8720270820303271,0.12797291796967294
0.7854046860687631,0.21459531393123682
0.9297616145177573,0.0702383854822427
0.8893989048579661,0.11060109514203398
0.9353027864089535,0.06469721359104642
0.8714069545758505,0.12859304542414945
0.8873839822702665,0.11261601772973362
0.9001400700989276,0.09985992990107229
0.9786752500457165,0.021324749954283517
0.9121804242994411,0.08781957570055894
0.9775094892782852,0.02249051072171484
0.8522847599093131,0.1477152400906869
0.9589515418698039,0.04104845813019599
0.9844391033728735,0.015560896627126508
0.8903981406138336,0.1096018593861665
0.9826480898032244,0.017351910196775653
0.970517528788431,0.029482471211569054
0.9735192263181234,0.02648077368187656
0.8710599496404785,0.1289400503595216
0.9666005957555235,0.033399404244476426
0.9746580206429438,0.025341979357056187
0.9800793938505548,0.019920606149445103
0.8876850451899168,0.1123149548100833
0.9773385912477455,0.02266140875225458
0.9210858992761095,0.07891410072389046
0.9167440242309682,0.0832559757690318
0.9342406506674924,0.0657593493325077
0.9531220619343335,0.04687793806566646
0.715857474868613,0.28414252513138694
0.8830169656350897,0.11698303436491024
0.8927205158567803,0.1072794841432198
0.8952311773690097,0.10476882263099022
0.8859131612730969,0.11408683872690295
0.880355607176301,0.11964439282369896
0.9329376815105914,0.06706231848940854
0.7219111232230649,0.278088876776935
0.7181627625505503,0.2818372374494496
0.885534493971622,0.11446550602837802
0.9328487688001451,0.06715123119985487
0.8145300733065475,0.1854699266934526
0.8859131612730969,0.11408683872690295
0.8904364918046315,0.10956350819536856
0.8105671343765097,0.18943286562349027
0.8750210916120371,0.1249789083879629
0.8892828733580733,0.11071712664192676
0.8624496997508762,0.13755030024912385
0.8877146915204209,0.11228530847957902
0.8937544635147718,0.1062455364852281
0.8310194929388287,0.16898050706117135
0.8859131612730969,0.11408683872690295
0.8192648528791248,0.1807351471208753
0.9329228821199858,0.06707711788001412
0.8891300696939644,0.1108699303060356
0.8924491705052591,0.10755082949474089
0.8888418176891426,0.11115818231085739
0.8888801441137506,0.11111985588624944
0.8889618908067496,0.11103810919325038
0.8893641119926573,0.11063588800734268
